0 1.0 38 
1 1.0 15 
2 1.0 23 
3 1.0 21 
4 1.0 21 
5 1.0 28 
6 1.0 25 
7 1.0 15 
8 1.0 25 
9 1.0 19 
10 1.0 16 
11 1.0 22 
12 1.0 15 
13 1.0 16 
14 1.0 10 
15 1.0 15 
16 1.0 15 
17 1.0 9 
18 1.0 16 
19 1.0 12 
20 1.0 21 
21 1.0 20 
22 1.0 19 
23 1.0 13 
24 1.0 29 
25 1.0 20 
26 1.0 24 
27 1.0 25 
28 1.0 14 
29 1.0 15 
30 1.0 28 
31 1.0 44 
32 1.0 14 
33 1.0 15 
34 1.0 32 
35 1.0 11 
36 1.0 12 
37 1.0 16 
38 1.0 35 
39 1.0 16 
40 1.0 19 
41 1.0 18 
42 1.0 24 
43 1.0 14 
44 1.0 10 
45 1.0 8 
46 1.0 60 
47 1.0 17 
48 1.0 24 
49 1.0 17 
50 1.0 27 
51 1.0 19 
52 1.0 9 
53 1.0 10 
54 1.0 27 
55 1.0 10 
56 1.0 10 
57 1.0 13 
58 1.0 17 
59 1.0 11 
60 1.0 18 
61 1.0 12 
62 1.0 15 
63 1.0 21 
64 1.0 15 
65 1.0 15 
66 1.0 13 
67 1.0 15 
68 1.0 25 
69 1.0 24 
70 1.0 36 
71 1.0 14 
72 1.0 13 
73 1.0 38 
74 1.0 10 
75 1.0 12 
76 1.0 55 
77 1.0 79 
78 1.0 43 
79 1.0 10 
80 1.0 33 
81 1.0 31 
82 1.0 63 
83 1.0 143 
84 1.0 64 
85 1.0 32 
86 1.0 16 
87 1.0 33 
88 1.0 18 
89 1.0 20 
90 1.0 67 
91 1.0 39 
92 1.0 75 
93 1.0 39 
94 1.0 19 
95 1.0 22 
96 1.0 42 
97 1.0 11 
98 1.0 47 
99 1.0 43 
100 1.0 35 
101 1.0 54 
102 1.0 27 
103 1.0 17 
104 1.0 13 
105 1.0 42 
106 1.0 20 
107 1.0 82 
108 1.0 22 
109 1.0 60 
110 1.0 16 
111 1.0 19 
112 1.0 11 
113 1.0 38 
114 1.0 31 
115 1.0 48 
116 1.0 36 
117 1.0 25 
118 1.0 13 
119 1.0 15 
120 1.0 19 
121 1.0 16 
122 1.0 21 
123 1.0 40 
124 1.0 18 
125 1.0 18 
126 1.0 26 
127 1.0 36 
128 1.0 15 
129 1.0 23 
130 1.0 51 
131 1.0 41 
132 1.0 32 
133 1.0 137 
134 1.0 13 
135 1.0 11 
136 1.0 44 
137 1.0 31 
138 1.0 60 
139 1.0 15 
140 1.0 14 
141 1.0 56 
142 1.0 12 
143 1.0 15 
144 1.0 15 
145 1.0 13 
146 1.0 11 
147 1.0 34 
148 1.0 37 
149 1.0 80 
150 1.0 22 
151 1.0 20 
152 1.0 115 
153 1.0 55 
154 1.0 16 
155 1.0 18 
156 1.0 89 
157 1.0 38 
158 1.0 35 
159 1.0 40 
160 1.0 91 
161 1.0 54 
162 1.0 40 
163 1.0 28 
164 1.0 18 
165 1.0 19 
166 1.0 42 
167 1.0 52 
168 1.0 66 
169 1.0 51 
170 1.0 57 
171 1.0 68 
172 1.0 90 
173 1.0 83 
174 1.0 53 
175 1.0 61 
176 1.0 38 
177 1.0 40 
178 1.0 54 
179 1.0 34 
180 1.0 43 
181 1.0 37 
182 1.0 29 
183 1.0 58 
184 1.0 14 
185 1.0 18 
186 1.0 79 
187 1.0 32 
188 1.0 85 
189 1.0 68 
190 1.0 42 
191 1.0 72 
192 1.0 61 
193 1.0 38 
194 1.0 55 
195 1.0 35 
196 1.0 35 
197 1.0 140 
198 1.0 73 
199 1.0 29 
200 1.0 116 
201 1.0 165 
202 1.0 25 
203 1.0 132 
204 1.0 79 
205 1.0 46 
206 1.0 26 
207 1.0 45 
208 1.0 62 
209 1.0 42 
210 1.0 67 
211 1.0 37 
212 1.0 133 
213 1.0 36 
214 1.0 53 
215 1.0 47 
216 1.0 49 
217 1.0 66 
218 1.0 34 
219 1.0 124 
220 1.0 105 
221 1.0 93 
222 1.0 43 
223 1.0 86 
224 1.0 66 
225 1.0 88 
226 1.0 129 
227 1.0 40 
228 1.0 70 
229 1.0 40 
230 1.0 45 
231 1.0 77 
232 1.0 46 
233 1.0 52 
234 1.0 22 
235 1.0 40 
236 1.0 138 
237 1.0 16 
238 1.0 66 
239 1.0 19 
240 1.0 20 
241 1.0 29 
242 1.0 25 
243 1.0 23 
244 1.0 25 
245 1.0 78 
246 1.0 65 
247 1.0 34 
248 1.0 28 
249 1.0 22 
250 1.0 19 
251 1.0 39 
252 1.0 38 
253 1.0 43 
254 1.0 58 
255 1.0 69 
256 1.0 52 
257 1.0 86 
258 1.0 54 
259 1.0 48 
260 1.0 51 
261 1.0 40 
262 1.0 85 
263 1.0 100 
264 1.0 104 
265 1.0 32 
266 1.0 31 
267 1.0 33 
268 1.0 51 
269 1.0 127 
270 1.0 81 
271 1.0 15 
272 1.0 22 
273 1.0 59 
274 1.0 84 
275 1.0 171 
276 1.0 37 
277 1.0 47 
278 1.0 32 
279 1.0 50 
280 1.0 92 
281 1.0 13 
282 1.0 51 
283 1.0 44 
284 1.0 47 
285 1.0 46 
286 1.0 73 
287 1.0 277 
288 1.0 29 
289 1.0 35 
290 1.0 112 
291 1.0 86 
292 1.0 46 
293 1.0 68 
294 1.0 84 
295 1.0 12 
296 1.0 29 
297 1.0 77 
298 1.0 135 
299 1.0 36 
300 1.0 157 
301 1.0 24 
302 1.0 90 
303 1.0 132 
304 1.0 178 
305 1.0 85 
306 1.0 18 
307 1.0 43 
308 1.0 68 
309 1.0 163 
310 1.0 155 
311 1.0 76 
312 1.0 138 
313 1.0 170 
314 1.0 99 
315 1.0 163 
316 1.0 180 
317 1.0 337 
318 1.0 303 
319 1.0 139 
320 1.0 94 
321 1.0 108 
322 1.0 87 
323 1.0 25 
324 1.0 80 
325 1.0 176 
326 1.0 138 
327 1.0 378 
328 1.0 187 
329 1.0 102 
330 1.0 133 
331 1.0 88 
332 1.0 105 
333 1.0 127 
334 1.0 65 
335 1.0 88 
336 1.0 215 
337 1.0 189 
338 1.0 258 
339 1.0 19 
340 1.0 187 
341 1.0 458 
342 1.0 231 
343 1.0 118 
344 1.0 177 
345 1.0 188 
346 1.0 411 
347 1.0 205 
348 1.0 178 
349 1.0 147 
350 1.0 136 
351 1.0 80 
352 1.0 107 
353 1.0 124 
354 1.0 112 
355 1.0 45 
356 1.0 249 
357 1.0 344 
358 1.0 158 
359 1.0 150 
360 1.0 211 
361 1.0 219 
362 1.0 290 
363 1.0 217 
364 1.0 241 
365 1.0 162 
366 1.0 226 
367 1.0 315 
368 1.0 474 
369 1.0 470 
370 1.0 294 
371 1.0 222 
372 1.0 293 
373 1.0 93 
374 1.0 190 
375 1.0 171 
376 1.0 242 
377 1.0 159 
378 1.0 186 
379 1.0 185 
380 1.0 252 
381 1.0 130 
382 1.0 135 
383 1.0 92 
384 1.0 175 
385 1.0 156 
386 1.0 203 
387 1.0 282 
388 1.0 114 
389 1.0 129 
390 1.0 127 
391 1.0 165 
392 1.0 148 
393 1.0 171 
394 1.0 223 
395 1.0 219 
396 1.0 183 
397 1.0 253 
398 1.0 312 
399 1.0 235 
400 1.0 171 
401 1.0 226 
402 1.0 231 
403 1.0 157 
404 1.0 177 
405 1.0 301 
406 1.0 298 
407 1.0 411 
408 1.0 256 
409 1.0 270 
410 1.0 213 
411 1.0 281 
412 1.0 328 
413 1.0 280 
414 1.0 220 
415 1.0 274 
416 1.0 211 
417 1.0 264 
418 1.0 270 
419 1.0 290 
420 1.0 259 
421 1.0 402 
422 1.0 256 
423 1.0 318 
424 1.0 130 
425 1.0 213 
426 1.0 180 
427 1.0 174 
428 1.0 205 
429 1.0 96 
430 1.0 125 
431 1.0 184 
432 1.0 156 
433 1.0 172 
434 1.0 157 
435 1.0 164 
436 1.0 160 
437 1.0 181 
438 1.0 252 
439 1.0 196 
440 1.0 223 
441 1.0 361 
442 1.0 392 
443 1.0 139 
444 1.0 408 
445 1.0 258 
446 1.0 290 
447 1.0 500 
448 1.0 372 
449 1.0 306 
450 1.0 471 
451 1.0 256 
452 1.0 220 
453 1.0 293 
454 1.0 283 
455 1.0 396 
456 1.0 500 
457 1.0 321 
458 1.0 341 
459 1.0 270 
460 1.0 331 
461 1.0 258 
462 1.0 150 
463 1.0 196 
464 1.0 309 
465 1.0 334 
466 1.0 253 
467 1.0 260 
468 1.0 500 
469 1.0 367 
470 1.0 475 
471 1.0 346 
472 1.0 450 
473 1.0 358 
474 1.0 372 
475 1.0 192 
476 1.0 500 
477 1.0 341 
478 1.0 247 
479 1.0 263 
480 1.0 346 
481 1.0 359 
482 1.0 392 
483 1.0 297 
484 1.0 240 
485 1.0 198 
486 1.0 298 
487 1.0 212 
488 1.0 373 
489 1.0 115 
490 1.0 227 
491 1.0 181 
492 1.0 500 
493 1.0 500 
494 1.0 274 
495 1.0 218 
496 1.0 460 
497 1.0 257 
498 1.0 274 
499 1.0 205 
500 1.0 258 
501 1.0 414 
502 1.0 225 
503 1.0 326 
504 1.0 275 
505 1.0 115 
506 1.0 360 
507 1.0 500 
508 1.0 500 
509 1.0 272 
510 1.0 500 
511 1.0 334 
512 1.0 320 
513 1.0 318 
514 1.0 105 
515 1.0 289 
516 1.0 176 
517 1.0 332 
518 1.0 426 
519 1.0 275 
520 1.0 207 
521 1.0 249 
522 1.0 314 
523 1.0 301 
524 1.0 304 
525 1.0 432 
526 1.0 251 
527 1.0 294 
528 1.0 454 
529 1.0 500 
530 1.0 354 
531 1.0 380 
532 1.0 373 
533 1.0 382 
534 1.0 225 
535 1.0 453 
536 1.0 295 
537 1.0 476 
538 1.0 375 
539 1.0 500 
540 1.0 433 
541 1.0 383 
542 1.0 462 
543 1.0 394 
544 1.0 500 
545 1.0 413 
546 1.0 500 
547 1.0 444 
548 1.0 167 
549 1.0 357 
550 1.0 358 
551 1.0 317 
552 1.0 371 
553 1.0 377 
554 1.0 380 
555 1.0 500 
556 1.0 500 
557 1.0 357 
558 1.0 500 
559 1.0 500 
560 1.0 367 
561 1.0 365 
562 1.0 134 
563 1.0 500 
564 1.0 500 
565 1.0 500 
566 1.0 500 
567 1.0 373 
568 1.0 295 
569 1.0 500 
570 1.0 500 
571 1.0 500 
572 1.0 337 
573 1.0 500 
574 1.0 263 
575 1.0 496 
576 1.0 358 
577 1.0 500 
578 1.0 275 
579 1.0 328 
580 1.0 380 
581 1.0 367 
582 1.0 353 
583 1.0 311 
584 1.0 432 
585 1.0 500 
586 1.0 420 
587 1.0 324 
588 1.0 500 
589 1.0 174 
590 1.0 275 
591 1.0 212 
592 1.0 283 
593 1.0 227 
594 1.0 193 
595 1.0 306 
596 1.0 270 
597 1.0 319 
598 1.0 500 
599 1.0 301 
600 1.0 333 
601 1.0 309 
602 1.0 150 
603 1.0 432 
604 1.0 322 
605 1.0 459 
606 1.0 327 
607 1.0 303 
608 1.0 500 
609 1.0 411 
610 1.0 333 
611 1.0 378 
612 1.0 380 
613 1.0 300 
614 1.0 387 
615 1.0 430 
616 1.0 323 
617 1.0 500 
618 1.0 459 
619 1.0 400 
620 1.0 500 
621 1.0 435 
622 1.0 500 
623 1.0 500 
624 1.0 500 
625 1.0 458 
626 1.0 500 
627 1.0 350 
628 1.0 500 
629 1.0 500 
630 1.0 500 
631 1.0 315 
632 1.0 500 
633 1.0 319 
634 1.0 500 
635 1.0 500 
636 1.0 500 
637 1.0 499 
638 1.0 437 
639 1.0 355 
640 1.0 500 
641 1.0 435 
642 1.0 353 
643 1.0 439 
644 1.0 500 
645 1.0 475 
646 1.0 124 
647 1.0 280 
648 1.0 348 
649 1.0 500 
650 1.0 500 
651 1.0 396 
652 1.0 500 
653 1.0 386 
654 1.0 500 
655 1.0 434 
656 1.0 500 
657 1.0 500 
658 1.0 500 
659 1.0 461 
660 1.0 500 
661 1.0 415 
662 1.0 341 
663 1.0 500 
664 1.0 500 
665 1.0 440 
666 1.0 500 
667 1.0 500 
668 1.0 344 
669 1.0 500 
670 1.0 333 
671 1.0 500 
672 1.0 325 
673 1.0 117 
674 1.0 161 
675 1.0 158 
676 1.0 140 
677 1.0 192 
678 1.0 226 
679 1.0 186 
680 1.0 110 
681 1.0 317 
682 1.0 244 
683 1.0 500 
684 1.0 500 
685 1.0 230 
686 1.0 191 
687 1.0 500 
688 1.0 249 
689 1.0 362 
690 1.0 496 
691 1.0 306 
692 1.0 500 
693 1.0 428 
694 1.0 401 
695 1.0 318 
696 1.0 437 
697 1.0 455 
698 1.0 260 
699 1.0 267 
700 1.0 500 
701 1.0 282 
702 1.0 351 
703 1.0 500 
704 1.0 351 
705 1.0 391 
706 1.0 500 
707 1.0 261 
708 1.0 479 
709 1.0 500 
710 1.0 165 
711 1.0 180 
712 1.0 194 
713 1.0 185 
714 1.0 141 
715 1.0 181 
716 1.0 217 
717 1.0 177 
718 1.0 241 
719 1.0 259 
720 1.0 234 
721 1.0 190 
722 1.0 13 
723 1.0 417 
724 1.0 500 
725 1.0 253 
726 1.0 500 
727 1.0 500 
728 1.0 500 
729 1.0 500 
730 1.0 500 
731 1.0 500 
732 1.0 401 
733 1.0 452 
734 1.0 500 
735 1.0 296 
736 1.0 259 
737 1.0 187 
738 1.0 191 
739 1.0 203 
740 1.0 127 
741 1.0 127 
742 1.0 240 
743 1.0 224 
744 1.0 233 
745 1.0 500 
746 1.0 231 
747 1.0 336 
748 1.0 165 
749 1.0 304 
750 1.0 325 
751 1.0 271 
752 1.0 408 
753 1.0 377 
754 1.0 234 
755 1.0 434 
756 1.0 262 
757 1.0 128 
758 1.0 356 
759 1.0 106 
760 1.0 492 
761 1.0 500 
762 1.0 275 
763 1.0 109 
764 1.0 242 
765 1.0 118 
766 1.0 88 
767 1.0 191 
768 1.0 319 
769 1.0 212 
770 1.0 188 
771 1.0 500 
772 1.0 442 
773 1.0 207 
774 1.0 237 
775 1.0 436 
776 1.0 227 
777 1.0 197 
778 1.0 221 
779 1.0 273 
780 1.0 220 
781 1.0 451 
782 1.0 175 
783 1.0 303 
784 1.0 345 
785 1.0 265 
786 1.0 189 
787 1.0 247 
788 1.0 158 
789 1.0 264 
790 1.0 80 
791 1.0 93 
792 1.0 167 
793 1.0 297 
794 1.0 254 
795 1.0 359 
796 1.0 217 
797 1.0 255 
798 1.0 200 
799 1.0 189 
800 1.0 314 
801 1.0 211 
802 1.0 312 
803 1.0 323 
804 1.0 236 
805 1.0 151 
806 1.0 413 
807 1.0 284 
808 1.0 439 
809 1.0 11 
810 1.0 397 
811 1.0 92 
812 1.0 10 
813 1.0 10 
814 1.0 121 
815 1.0 297 
816 1.0 439 
817 1.0 190 
818 1.0 220 
819 1.0 157 
820 1.0 269 
821 1.0 164 
822 1.0 141 
823 1.0 150 
824 1.0 148 
825 1.0 194 
826 1.0 135 
827 1.0 162 
828 1.0 350 
829 1.0 118 
830 1.0 180 
831 1.0 259 
832 1.0 229 
833 1.0 184 
834 1.0 170 
835 1.0 81 
836 1.0 313 
837 1.0 166 
838 1.0 199 
839 1.0 215 
840 1.0 163 
841 1.0 500 
842 1.0 500 
843 1.0 306 
844 1.0 393 
845 1.0 500 
846 1.0 500 
847 1.0 431 
848 1.0 151 
849 1.0 500 
850 1.0 500 
851 1.0 500 
852 1.0 273 
853 1.0 500 
854 1.0 500 
855 1.0 292 
856 1.0 200 
857 1.0 500 
858 1.0 290 
859 1.0 189 
860 1.0 495 
861 1.0 315 
862 1.0 226 
863 1.0 357 
864 1.0 500 
865 1.0 361 
866 1.0 500 
867 1.0 141 
868 1.0 198 
869 1.0 265 
870 1.0 279 
871 1.0 500 
872 1.0 318 
873 1.0 243 
874 1.0 137 
875 1.0 269 
876 1.0 12 
877 1.0 12 
878 1.0 9 
879 1.0 20 
880 1.0 11 
881 1.0 13 
882 1.0 12 
883 1.0 11 
884 1.0 11 
885 1.0 8 
886 1.0 9 
887 1.0 10 
888 1.0 9 
889 1.0 10 
890 1.0 12 
891 1.0 10 
892 1.0 12 
893 1.0 10 
894 1.0 10 
895 1.0 12 
896 1.0 12 
897 1.0 11 
898 1.0 15 
899 1.0 11 
900 1.0 144 
901 1.0 11 
902 1.0 16 
903 1.0 14 
904 1.0 129 
905 1.0 14 
906 1.0 12 
907 1.0 148 
908 1.0 156 
909 1.0 148 
910 1.0 147 
911 1.0 147 
912 1.0 151 
913 1.0 153 
914 1.0 159 
915 1.0 187 
916 1.0 167 
917 1.0 167 
918 1.0 250 
919 1.0 189 
920 1.0 197 
921 1.0 182 
922 1.0 193 
923 1.0 177 
924 1.0 180 
925 1.0 146 
926 1.0 235 
927 1.0 188 
928 1.0 182 
929 1.0 162 
930 1.0 169 
931 1.0 147 
932 1.0 160 
933 1.0 174 
934 1.0 152 
935 1.0 159 
936 1.0 163 
937 1.0 13 
938 1.0 140 
939 1.0 144 
940 1.0 137 
941 1.0 480 
942 1.0 142 
943 1.0 144 
944 1.0 138 
945 1.0 163 
946 1.0 173 
947 1.0 127 
948 1.0 120 
949 1.0 148 
950 1.0 190 
951 1.0 115 
952 1.0 412 
953 1.0 16 
954 1.0 177 
955 1.0 500 
956 1.0 138 
957 1.0 11 
958 1.0 9 
959 1.0 9 
960 1.0 10 
961 1.0 9 
962 1.0 9 
963 1.0 238 
964 1.0 11 
965 1.0 109 
966 1.0 9 
967 1.0 10 
968 1.0 10 
969 1.0 11 
970 1.0 9 
971 1.0 9 
972 1.0 9 
973 1.0 10 
974 1.0 124 
975 1.0 9 
976 1.0 10 
977 1.0 10 
978 1.0 10 
979 1.0 9 
980 1.0 8 
981 1.0 9 
982 1.0 9 
983 1.0 8 
984 1.0 9 
985 1.0 9 
986 1.0 9 
987 1.0 10 
988 1.0 9 
989 1.0 9 
990 1.0 9 
991 1.0 11 
992 1.0 11 
993 1.0 155 
994 1.0 158 
995 1.0 165 
996 1.0 134 
997 1.0 17 
998 1.0 221 
999 1.0 168 
1000 1.0 204 
1001 1.0 193 
1002 1.0 246 
1003 1.0 136 
1004 1.0 142 
1005 1.0 129 
1006 1.0 119 
1007 1.0 147 
1008 1.0 148 
1009 1.0 17 
1010 1.0 149 
1011 1.0 190 
1012 1.0 170 
1013 1.0 163 
1014 1.0 198 
1015 1.0 173 
1016 1.0 22 
1017 1.0 299 
1018 1.0 108 
1019 1.0 148 
1020 1.0 193 
1021 1.0 159 
1022 1.0 131 
1023 1.0 376 
1024 1.0 137 
1025 1.0 210 
1026 1.0 273 
1027 1.0 250 
1028 1.0 274 
1029 1.0 284 
1030 1.0 375 
1031 1.0 500 
1032 1.0 299 
1033 1.0 107 
1034 1.0 500 
1035 1.0 144 
1036 1.0 237 
1037 1.0 389 
1038 1.0 162 
1039 1.0 174 
1040 1.0 174 
1041 1.0 12 
1042 1.0 210 
1043 1.0 179 
1044 1.0 226 
1045 1.0 276 
1046 1.0 151 
1047 1.0 255 
1048 1.0 245 
1049 1.0 210 
1050 1.0 201 
1051 1.0 306 
1052 1.0 208 
1053 1.0 251 
1054 1.0 186 
1055 1.0 207 
1056 1.0 167 
1057 1.0 232 
1058 1.0 216 
1059 1.0 383 
1060 1.0 240 
1061 1.0 500 
1062 1.0 467 
1063 1.0 200 
1064 1.0 325 
1065 1.0 365 
1066 1.0 197 
1067 1.0 343 
1068 1.0 455 
1069 1.0 248 
1070 1.0 224 
1071 1.0 229 
1072 1.0 215 
1073 1.0 500 
1074 1.0 320 
1075 1.0 288 
1076 1.0 110 
1077 1.0 467 
1078 1.0 300 
1079 1.0 500 
1080 1.0 422 
1081 1.0 500 
1082 1.0 500 
1083 1.0 379 
1084 1.0 111 
1085 1.0 223 
1086 1.0 394 
1087 1.0 241 
1088 1.0 293 
1089 1.0 394 
1090 1.0 158 
1091 1.0 25 
1092 1.0 256 
1093 1.0 141 
1094 1.0 167 
1095 1.0 222 
1096 1.0 500 
1097 1.0 500 
1098 1.0 500 
1099 1.0 500 
1100 1.0 246 
1101 1.0 500 
1102 1.0 133 
1103 1.0 500 
1104 1.0 500 
1105 1.0 318 
1106 1.0 500 
1107 1.0 398 
1108 1.0 224 
1109 1.0 118 
1110 1.0 105 
1111 1.0 268 
1112 1.0 260 
1113 1.0 500 
1114 1.0 267 
1115 1.0 455 
1116 1.0 443 
1117 1.0 281 
1118 1.0 299 
1119 1.0 153 
1120 1.0 475 
1121 1.0 216 
1122 1.0 500 
1123 1.0 403 
1124 1.0 269 
1125 1.0 234 
1126 1.0 227 
1127 1.0 30 
1128 1.0 124 
1129 1.0 146 
1130 1.0 116 
1131 1.0 119 
1132 1.0 118 
1133 1.0 126 
1134 1.0 140 
1135 1.0 131 
1136 1.0 149 
1137 1.0 18 
1138 1.0 97 
1139 1.0 109 
1140 1.0 119 
1141 1.0 108 
1142 1.0 103 
1143 1.0 500 
1144 1.0 319 
1145 1.0 110 
1146 1.0 19 
1147 1.0 153 
1148 1.0 223 
1149 1.0 268 
1150 1.0 180 
1151 1.0 328 
1152 1.0 135 
1153 1.0 500 
1154 1.0 233 
1155 1.0 500 
1156 1.0 135 
1157 1.0 254 
1158 1.0 173 
1159 1.0 245 
1160 1.0 500 
1161 1.0 236 
1162 1.0 272 
1163 1.0 500 
1164 1.0 233 
1165 1.0 226 
1166 1.0 231 
1167 1.0 500 
1168 1.0 166 
1169 1.0 372 
1170 1.0 184 
1171 1.0 297 
1172 1.0 198 
1173 1.0 269 
1174 1.0 247 
1175 1.0 231 
1176 1.0 295 
1177 1.0 193 
1178 1.0 309 
1179 1.0 142 
1180 1.0 139 
1181 1.0 340 
1182 1.0 500 
1183 1.0 255 
1184 1.0 96 
1185 1.0 227 
1186 1.0 500 
1187 1.0 215 
1188 1.0 216 
1189 1.0 477 
1190 1.0 271 
1191 1.0 500 
1192 1.0 211 
1193 1.0 218 
1194 1.0 173 
1195 1.0 442 
1196 1.0 500 
1197 1.0 272 
1198 1.0 112 
1199 1.0 163 
1200 1.0 199 
1201 1.0 167 
1202 1.0 442 
1203 1.0 154 
1204 1.0 217 
1205 1.0 244 
1206 1.0 500 
1207 1.0 185 
1208 1.0 265 
1209 1.0 246 
1210 1.0 169 
1211 1.0 164 
1212 1.0 209 
1213 1.0 165 
1214 1.0 126 
1215 1.0 131 
1216 1.0 149 
1217 1.0 170 
1218 1.0 177 
1219 1.0 231 
1220 1.0 370 
1221 1.0 256 
1222 1.0 234 
1223 1.0 236 
1224 1.0 23 
1225 1.0 477 
1226 1.0 215 
1227 1.0 154 
1228 1.0 159 
1229 1.0 194 
1230 1.0 201 
1231 1.0 152 
1232 1.0 341 
1233 1.0 216 
1234 1.0 419 
1235 1.0 390 
1236 1.0 500 
1237 1.0 153 
1238 1.0 159 
1239 1.0 170 
1240 1.0 114 
1241 1.0 324 
1242 1.0 398 
1243 1.0 388 
1244 1.0 20 
1245 1.0 141 
1246 1.0 132 
1247 1.0 15 
1248 1.0 117 
1249 1.0 133 
1250 1.0 69 
1251 1.0 108 
1252 1.0 117 
1253 1.0 104 
1254 1.0 75 
1255 1.0 110 
1256 1.0 148 
1257 1.0 138 
1258 1.0 130 
1259 1.0 234 
1260 1.0 133 
1261 1.0 236 
1262 1.0 196 
1263 1.0 247 
1264 1.0 248 
1265 1.0 389 
1266 1.0 187 
1267 1.0 422 
1268 1.0 262 
1269 1.0 233 
1270 1.0 444 
1271 1.0 419 
1272 1.0 19 
1273 1.0 254 
1274 1.0 70 
1275 1.0 139 
1276 1.0 165 
1277 1.0 163 
1278 1.0 164 
1279 1.0 156 
1280 1.0 500 
1281 1.0 210 
1282 1.0 87 
1283 1.0 248 
1284 1.0 199 
1285 1.0 209 
1286 1.0 95 
1287 1.0 243 
1288 1.0 150 
1289 1.0 160 
1290 1.0 182 
1291 1.0 159 
1292 1.0 281 
1293 1.0 219 
1294 1.0 228 
1295 1.0 388 
1296 1.0 340 
1297 1.0 172 
1298 1.0 413 
1299 1.0 219 
1300 1.0 430 
1301 1.0 140 
1302 1.0 500 
1303 1.0 204 
1304 1.0 343 
1305 1.0 209 
1306 1.0 250 
1307 1.0 264 
1308 1.0 329 
1309 1.0 274 
1310 1.0 222 
1311 1.0 102 
1312 1.0 136 
1313 1.0 137 
1314 1.0 158 
1315 1.0 149 
1316 1.0 103 
1317 1.0 107 
1318 1.0 114 
1319 1.0 123 
1320 1.0 156 
1321 1.0 153 
1322 1.0 155 
1323 1.0 50 
1324 1.0 173 
1325 1.0 500 
1326 1.0 164 
1327 1.0 500 
1328 1.0 235 
1329 1.0 109 
1330 1.0 160 
1331 1.0 147 
1332 1.0 60 
1333 1.0 110 
1334 1.0 66 
1335 1.0 62 
1336 1.0 255 
1337 1.0 191 
1338 1.0 172 
1339 1.0 447 
1340 1.0 264 
1341 1.0 274 
1342 1.0 109 
1343 1.0 268 
1344 1.0 146 
1345 1.0 137 
1346 1.0 177 
1347 1.0 247 
1348 1.0 287 
1349 1.0 190 
1350 1.0 218 
1351 1.0 335 
1352 1.0 270 
1353 1.0 120 
1354 1.0 181 
1355 1.0 135 
1356 1.0 136 
1357 1.0 32 
1358 1.0 324 
1359 1.0 62 
1360 1.0 407 
1361 1.0 114 
1362 1.0 59 
1363 1.0 30 
1364 1.0 132 
1365 1.0 111 
1366 1.0 135 
1367 1.0 324 
1368 1.0 246 
1369 1.0 168 
1370 1.0 164 
1371 1.0 500 
1372 1.0 30 
1373 1.0 22 
1374 1.0 29 
1375 1.0 128 
1376 1.0 26 
1377 1.0 60 
1378 1.0 92 
1379 1.0 93 
1380 1.0 265 
1381 1.0 134 
1382 1.0 307 
1383 1.0 113 
1384 1.0 102 
1385 1.0 135 
1386 1.0 169 
1387 1.0 178 
1388 1.0 84 
1389 1.0 79 
1390 1.0 124 
1391 1.0 161 
1392 1.0 353 
1393 1.0 43 
1394 1.0 70 
1395 1.0 133 
1396 1.0 272 
1397 1.0 341 
1398 1.0 86 
1399 1.0 396 
1400 1.0 355 
1401 1.0 440 
1402 1.0 168 
1403 1.0 316 
1404 1.0 144 
1405 1.0 139 
1406 1.0 169 
1407 1.0 196 
1408 1.0 190 
1409 1.0 278 
1410 1.0 107 
1411 1.0 166 
1412 1.0 161 
1413 1.0 126 
1414 1.0 187 
1415 1.0 163 
1416 1.0 136 
1417 1.0 228 
1418 1.0 193 
1419 1.0 161 
1420 1.0 245 
1421 1.0 153 
1422 1.0 149 
1423 1.0 133 
1424 1.0 179 
1425 1.0 163 
1426 1.0 27 
1427 1.0 360 
1428 1.0 174 
1429 1.0 463 
1430 1.0 163 
1431 1.0 20 
1432 1.0 109 
1433 1.0 238 
1434 1.0 154 
1435 1.0 295 
1436 1.0 500 
1437 1.0 197 
1438 1.0 286 
1439 1.0 101 
1440 1.0 137 
1441 1.0 129 
1442 1.0 161 
1443 1.0 319 
1444 1.0 271 
1445 1.0 302 
1446 1.0 471 
1447 1.0 20 
1448 1.0 63 
1449 1.0 414 
1450 1.0 445 
1451 1.0 36 
1452 1.0 143 
1453 1.0 320 
1454 1.0 374 
1455 1.0 298 
1456 1.0 324 
1457 1.0 249 
1458 1.0 187 
1459 1.0 284 
1460 1.0 211 
1461 1.0 249 
1462 1.0 248 
1463 1.0 363 
1464 1.0 182 
1465 1.0 346 
1466 1.0 317 
1467 1.0 193 
1468 1.0 278 
1469 1.0 114 
1470 1.0 19 
1471 1.0 195 
1472 1.0 357 
1473 1.0 249 
1474 1.0 462 
1475 1.0 309 
1476 1.0 241 
1477 1.0 232 
1478 1.0 500 
1479 1.0 171 
1480 1.0 224 
1481 1.0 240 
1482 1.0 455 
1483 1.0 271 
1484 1.0 215 
1485 1.0 177 
1486 1.0 279 
1487 1.0 303 
1488 1.0 215 
1489 1.0 248 
1490 1.0 316 
1491 1.0 250 
1492 1.0 17 
1493 1.0 169 
1494 1.0 315 
1495 1.0 144 
1496 1.0 309 
1497 1.0 231 
1498 1.0 500 
1499 1.0 415 
1500 1.0 226 
1501 1.0 353 
1502 1.0 220 
1503 1.0 161 
1504 1.0 445 
1505 1.0 422 
1506 1.0 488 
1507 1.0 384 
1508 1.0 256 
1509 1.0 500 
1510 1.0 341 
1511 1.0 500 
1512 1.0 222 
1513 1.0 238 
1514 1.0 497 
1515 1.0 500 
1516 1.0 356 
1517 1.0 416 
1518 1.0 500 
1519 1.0 95 
1520 1.0 292 
1521 1.0 256 
1522 1.0 143 
1523 1.0 247 
1524 1.0 196 
1525 1.0 144 
1526 1.0 194 
1527 1.0 257 
1528 1.0 326 
1529 1.0 172 
1530 1.0 229 
1531 1.0 192 
1532 1.0 205 
1533 1.0 194 
1534 1.0 205 
1535 1.0 142 
1536 1.0 144 
1537 1.0 188 
1538 1.0 266 
1539 1.0 365 
1540 1.0 177 
1541 1.0 10 
1542 1.0 113 
1543 1.0 138 
1544 1.0 10 
1545 1.0 100 
1546 1.0 112 
1547 1.0 132 
1548 1.0 120 
1549 1.0 195 
1550 1.0 133 
1551 1.0 166 
1552 1.0 155 
1553 1.0 217 
1554 1.0 99 
1555 1.0 114 
1556 1.0 134 
1557 1.0 146 
1558 1.0 179 
1559 1.0 223 
1560 1.0 196 
1561 1.0 175 
1562 1.0 201 
1563 1.0 260 
1564 1.0 376 
1565 1.0 307 
1566 1.0 219 
1567 1.0 314 
1568 1.0 437 
1569 1.0 236 
1570 1.0 389 
1571 1.0 272 
1572 1.0 264 
1573 1.0 209 
1574 1.0 131 
1575 1.0 129 
1576 1.0 211 
1577 1.0 138 
1578 1.0 184 
1579 1.0 176 
1580 1.0 167 
1581 1.0 182 
1582 1.0 260 
1583 1.0 190 
1584 1.0 140 
1585 1.0 134 
1586 1.0 117 
1587 1.0 167 
1588 1.0 224 
1589 1.0 204 
1590 1.0 262 
1591 1.0 211 
1592 1.0 196 
1593 1.0 211 
1594 1.0 306 
1595 1.0 500 
1596 1.0 199 
1597 1.0 238 
1598 1.0 181 
1599 1.0 500 
1600 1.0 413 
1601 1.0 203 
1602 1.0 120 
1603 1.0 206 
1604 1.0 160 
1605 1.0 151 
1606 1.0 332 
1607 1.0 90 
1608 1.0 104 
1609 1.0 208 
1610 1.0 130 
1611 1.0 97 
1612 1.0 203 
1613 1.0 210 
1614 1.0 339 
1615 1.0 137 
1616 1.0 199 
1617 1.0 160 
1618 1.0 192 
1619 1.0 214 
1620 1.0 191 
1621 1.0 172 
1622 1.0 216 
1623 1.0 368 
1624 1.0 251 
1625 1.0 477 
1626 1.0 212 
1627 1.0 180 
1628 1.0 167 
1629 1.0 133 
1630 1.0 171 
1631 1.0 204 
1632 1.0 13 
1633 1.0 177 
1634 1.0 188 
1635 1.0 204 
1636 1.0 11 
1637 1.0 220 
1638 1.0 282 
1639 1.0 162 
1640 1.0 259 
1641 1.0 11 
1642 1.0 160 
1643 1.0 173 
1644 1.0 166 
1645 1.0 252 
1646 1.0 226 
1647 1.0 264 
1648 1.0 244 
1649 1.0 335 
1650 1.0 182 
1651 1.0 219 
1652 1.0 10 
1653 1.0 181 
1654 1.0 150 
1655 1.0 278 
1656 1.0 231 
1657 1.0 209 
1658 1.0 162 
1659 1.0 251 
1660 1.0 500 
1661 1.0 10 
1662 1.0 169 
1663 1.0 196 
1664 1.0 303 
1665 1.0 159 
1666 1.0 209 
1667 1.0 197 
1668 1.0 354 
1669 1.0 142 
1670 1.0 147 
1671 1.0 155 
1672 1.0 178 
1673 1.0 228 
1674 1.0 123 
1675 1.0 144 
1676 1.0 161 
1677 1.0 150 
1678 1.0 145 
1679 1.0 141 
1680 1.0 217 
1681 1.0 11 
1682 1.0 150 
1683 1.0 212 
1684 1.0 113 
1685 1.0 12 
1686 1.0 101 
1687 1.0 11 
1688 1.0 109 
1689 1.0 113 
1690 1.0 185 
1691 1.0 209 
1692 1.0 163 
1693 1.0 155 
1694 1.0 136 
1695 1.0 291 
1696 1.0 183 
1697 1.0 124 
1698 1.0 151 
1699 1.0 140 
1700 1.0 148 
1701 1.0 9 
1702 1.0 206 
1703 1.0 16 
1704 1.0 111 
1705 1.0 8 
1706 1.0 12 
1707 1.0 10 
1708 1.0 154 
1709 1.0 10 
1710 1.0 111 
1711 1.0 101 
1712 1.0 11 
1713 1.0 9 
1714 1.0 10 
1715 1.0 10 
1716 1.0 10 
1717 1.0 10 
1718 1.0 10 
1719 1.0 9 
1720 1.0 10 
1721 1.0 10 
1722 1.0 10 
1723 1.0 10 
1724 1.0 9 
1725 1.0 11 
1726 1.0 12 
1727 1.0 10 
1728 1.0 10 
1729 1.0 12 
1730 1.0 11 
1731 1.0 11 
1732 1.0 10 
1733 1.0 9 
1734 1.0 11 
1735 1.0 10 
1736 1.0 116 
1737 1.0 261 
1738 1.0 9 
1739 1.0 115 
1740 1.0 126 
1741 1.0 157 
1742 1.0 135 
1743 1.0 122 
1744 1.0 125 
1745 1.0 108 
1746 1.0 173 
1747 1.0 184 
1748 1.0 134 
1749 1.0 9 
1750 1.0 8 
1751 1.0 9 
1752 1.0 9 
1753 1.0 9 
1754 1.0 9 
1755 1.0 11 
1756 1.0 11 
1757 1.0 57 
1758 1.0 60 
1759 1.0 71 
1760 1.0 121 
1761 1.0 110 
1762 1.0 138 
1763 1.0 9 
1764 1.0 9 
1765 1.0 67 
1766 1.0 11 
1767 1.0 106 
1768 1.0 199 
1769 1.0 111 
1770 1.0 91 
1771 1.0 181 
1772 1.0 154 
1773 1.0 167 
1774 1.0 9 
1775 1.0 11 
1776 1.0 11 
1777 1.0 9 
1778 1.0 10 
1779 1.0 10 
1780 1.0 10 
1781 1.0 9 
1782 1.0 10 
1783 1.0 10 
1784 1.0 10 
1785 1.0 9 
1786 1.0 10 
1787 1.0 9 
1788 1.0 103 
1789 1.0 162 
1790 1.0 10 
1791 1.0 166 
1792 1.0 11 
1793 1.0 9 
1794 1.0 9 
1795 1.0 9 
1796 1.0 82 
1797 1.0 14 
1798 1.0 10 
1799 1.0 9 
1800 1.0 10 
1801 1.0 185 
1802 1.0 18 
1803 1.0 18 
1804 1.0 86 
1805 1.0 109 
1806 1.0 85 
1807 1.0 11 
1808 1.0 13 
1809 1.0 142 
1810 1.0 88 
1811 1.0 14 
1812 1.0 15 
1813 1.0 90 
1814 1.0 11 
1815 1.0 10 
1816 1.0 212 
1817 1.0 72 
1818 1.0 13 
1819 1.0 11 
1820 1.0 52 
1821 1.0 79 
1822 1.0 18 
1823 1.0 20 
1824 1.0 20 
1825 1.0 18 
1826 1.0 17 
1827 1.0 21 
1828 1.0 54 
1829 1.0 76 
1830 1.0 84 
1831 1.0 110 
1832 1.0 83 
1833 1.0 48 
1834 1.0 25 
1835 1.0 14 
1836 1.0 68 
1837 1.0 17 
1838 1.0 64 
1839 1.0 235 
1840 1.0 231 
1841 1.0 264 
1842 1.0 267 
1843 1.0 141 
1844 1.0 18 
1845 1.0 94 
1846 1.0 40 
1847 1.0 39 
1848 1.0 135 
1849 1.0 43 
1850 1.0 94 
1851 1.0 167 
1852 1.0 168 
1853 1.0 166 
1854 1.0 241 
1855 1.0 14 
1856 1.0 80 
1857 1.0 94 
1858 1.0 236 
1859 1.0 377 
1860 1.0 87 
1861 1.0 88 
1862 1.0 133 
1863 1.0 94 
1864 1.0 110 
1865 1.0 122 
1866 1.0 125 
1867 1.0 39 
1868 1.0 113 
1869 1.0 89 
1870 1.0 76 
1871 1.0 89 
1872 1.0 137 
1873 1.0 151 
1874 1.0 191 
1875 1.0 99 
1876 1.0 123 
1877 1.0 29 
1878 1.0 73 
1879 1.0 95 
1880 1.0 94 
1881 1.0 13 
1882 1.0 12 
1883 1.0 88 
1884 1.0 177 
1885 1.0 188 
1886 1.0 120 
1887 1.0 370 
1888 1.0 166 
1889 1.0 283 
1890 1.0 164 
1891 1.0 269 
1892 1.0 94 
1893 1.0 126 
1894 1.0 159 
1895 1.0 107 
1896 1.0 193 
1897 1.0 227 
1898 1.0 123 
1899 1.0 109 
1900 1.0 94 
1901 1.0 201 
1902 1.0 114 
1903 1.0 160 
1904 1.0 366 
1905 1.0 203 
1906 1.0 270 
1907 1.0 239 
1908 1.0 135 
1909 1.0 102 
1910 1.0 275 
1911 1.0 453 
1912 1.0 119 
1913 1.0 110 
1914 1.0 228 
1915 1.0 500 
1916 1.0 333 
1917 1.0 165 
1918 1.0 140 
1919 1.0 152 
1920 1.0 157 
1921 1.0 119 
1922 1.0 143 
1923 1.0 223 
1924 1.0 171 
1925 1.0 43 
1926 1.0 225 
1927 1.0 319 
1928 1.0 117 
1929 1.0 143 
1930 1.0 160 
1931 1.0 131 
1932 1.0 343 
1933 1.0 135 
1934 1.0 134 
1935 1.0 110 
1936 1.0 118 
1937 1.0 138 
1938 1.0 112 
1939 1.0 66 
1940 1.0 189 
1941 1.0 172 
1942 1.0 191 
1943 1.0 225 
1944 1.0 162 
1945 1.0 116 
1946 1.0 131 
1947 1.0 324 
1948 1.0 129 
1949 1.0 221 
1950 1.0 169 
1951 1.0 16 
1952 1.0 101 
1953 1.0 17 
1954 1.0 13 
1955 1.0 19 
1956 1.0 21 
1957 1.0 12 
1958 1.0 20 
1959 1.0 25 
1960 1.0 16 
1961 1.0 63 
1962 1.0 22 
1963 1.0 19 
1964 1.0 19 
1965 1.0 104 
1966 1.0 114 
1967 1.0 25 
1968 1.0 98 
1969 1.0 27 
1970 1.0 38 
1971 1.0 121 
1972 1.0 39 
1973 1.0 139 
1974 1.0 142 
1975 1.0 104 
1976 1.0 32 
1977 1.0 70 
1978 1.0 78 
1979 1.0 109 
1980 1.0 120 
1981 1.0 66 
1982 1.0 229 
1983 1.0 304 
1984 1.0 164 
1985 1.0 150 
1986 1.0 159 
1987 1.0 135 
1988 1.0 219 
1989 1.0 216 
1990 1.0 259 
1991 1.0 170 
1992 1.0 131 
1993 1.0 170 
1994 1.0 248 
1995 1.0 136 
1996 1.0 117 
1997 1.0 27 
1998 1.0 62 
1999 1.0 106 
2000 1.0 133 
2001 1.0 45 
2002 1.0 109 
2003 1.0 134 
2004 1.0 247 
2005 1.0 132 
2006 1.0 132 
2007 1.0 128 
2008 1.0 124 
2009 1.0 123 
2010 1.0 108 
2011 1.0 129 
2012 1.0 116 
2013 1.0 500 
2014 1.0 151 
2015 1.0 132 
2016 1.0 142 
2017 1.0 140 
2018 1.0 127 
2019 1.0 141 
2020 1.0 121 
2021 1.0 23 
2022 1.0 140 
2023 1.0 152 
2024 1.0 17 
2025 1.0 48 
2026 1.0 111 
2027 1.0 123 
2028 1.0 125 
2029 1.0 139 
2030 1.0 49 
2031 1.0 39 
2032 1.0 57 
2033 1.0 223 
2034 1.0 100 
2035 1.0 259 
2036 1.0 125 
2037 1.0 137 
2038 1.0 135 
2039 1.0 120 
2040 1.0 193 
2041 1.0 192 
2042 1.0 223 
2043 1.0 203 
2044 1.0 473 
2045 1.0 161 
2046 1.0 125 
2047 1.0 145 
2048 1.0 500 
2049 1.0 116 
2050 1.0 166 
2051 1.0 140 
2052 1.0 138 
2053 1.0 111 
2054 1.0 119 
2055 1.0 142 
2056 1.0 116 
2057 1.0 142 
2058 1.0 135 
2059 1.0 130 
2060 1.0 295 
2061 1.0 348 
2062 1.0 229 
2063 1.0 126 
2064 1.0 147 
2065 1.0 105 
2066 1.0 125 
2067 1.0 111 
2068 1.0 130 
2069 1.0 152 
2070 1.0 117 
2071 1.0 349 
2072 1.0 25 
2073 1.0 115 
2074 1.0 178 
2075 1.0 339 
2076 1.0 116 
2077 1.0 226 
2078 1.0 471 
2079 1.0 161 
2080 1.0 188 
2081 1.0 155 
2082 1.0 359 
2083 1.0 168 
2084 1.0 176 
2085 1.0 168 
2086 1.0 211 
2087 1.0 134 
2088 1.0 154 
2089 1.0 179 
2090 1.0 245 
2091 1.0 189 
2092 1.0 206 
2093 1.0 201 
2094 1.0 254 
2095 1.0 279 
2096 1.0 156 
2097 1.0 221 
2098 1.0 209 
2099 1.0 204 
2100 1.0 199 
2101 1.0 176 
2102 1.0 215 
2103 1.0 167 
2104 1.0 292 
2105 1.0 214 
2106 1.0 175 
2107 1.0 194 
2108 1.0 202 
2109 1.0 116 
2110 1.0 336 
2111 1.0 312 
2112 1.0 30 
2113 1.0 360 
2114 1.0 331 
2115 1.0 215 
2116 1.0 271 
2117 1.0 135 
2118 1.0 150 
2119 1.0 180 
2120 1.0 182 
2121 1.0 247 
2122 1.0 129 
2123 1.0 154 
2124 1.0 144 
2125 1.0 284 
2126 1.0 158 
2127 1.0 324 
2128 1.0 114 
2129 1.0 258 
2130 1.0 161 
2131 1.0 270 
2132 1.0 198 
2133 1.0 157 
2134 1.0 197 
2135 1.0 121 
2136 1.0 145 
2137 1.0 148 
2138 1.0 170 
2139 1.0 169 
2140 1.0 203 
2141 1.0 227 
2142 1.0 188 
2143 1.0 139 
2144 1.0 181 
2145 1.0 116 
2146 1.0 272 
2147 1.0 140 
2148 1.0 139 
2149 1.0 142 
2150 1.0 147 
2151 1.0 254 
2152 1.0 168 
2153 1.0 142 
2154 1.0 105 
2155 1.0 138 
2156 1.0 208 
2157 1.0 132 
2158 1.0 166 
2159 1.0 201 
2160 1.0 223 
2161 1.0 214 
2162 1.0 208 
2163 1.0 323 
2164 1.0 258 
2165 1.0 240 
2166 1.0 214 
2167 1.0 294 
2168 1.0 193 
2169 1.0 209 
2170 1.0 138 
2171 1.0 218 
2172 1.0 189 
2173 1.0 309 
2174 1.0 308 
2175 1.0 384 
2176 1.0 455 
2177 1.0 200 
2178 1.0 207 
2179 1.0 117 
2180 1.0 159 
2181 1.0 477 
2182 1.0 216 
2183 1.0 108 
2184 1.0 128 
2185 1.0 307 
2186 1.0 177 
2187 1.0 237 
2188 1.0 183 
2189 1.0 152 
2190 1.0 500 
2191 1.0 181 
2192 1.0 298 
2193 1.0 197 
2194 1.0 142 
2195 1.0 170 
2196 1.0 186 
2197 1.0 232 
2198 1.0 230 
2199 1.0 235 
2200 1.0 138 
2201 1.0 193 
2202 1.0 239 
2203 1.0 254 
2204 1.0 210 
2205 1.0 222 
2206 1.0 257 
2207 1.0 181 
2208 1.0 265 
2209 1.0 226 
2210 1.0 182 
2211 1.0 320 
2212 1.0 186 
2213 1.0 131 
2214 1.0 210 
2215 1.0 198 
2216 1.0 210 
2217 1.0 244 
2218 1.0 246 
2219 1.0 204 
2220 1.0 266 
2221 1.0 139 
2222 1.0 294 
2223 1.0 148 
2224 1.0 201 
2225 1.0 309 
2226 1.0 500 
2227 1.0 124 
2228 1.0 232 
2229 1.0 156 
2230 1.0 230 
2231 1.0 186 
2232 1.0 340 
2233 1.0 185 
2234 1.0 156 
2235 1.0 190 
2236 1.0 130 
2237 1.0 383 
2238 1.0 496 
2239 1.0 189 
2240 1.0 307 
2241 1.0 141 
2242 1.0 161 
2243 1.0 202 
2244 1.0 93 
2245 1.0 180 
2246 1.0 271 
2247 1.0 133 
2248 1.0 170 
2249 1.0 500 
2250 1.0 500 
2251 1.0 166 
2252 1.0 138 
2253 1.0 88 
2254 1.0 112 
2255 1.0 318 
2256 1.0 130 
2257 1.0 112 
2258 1.0 214 
2259 1.0 221 
2260 1.0 124 
2261 1.0 202 
2262 1.0 144 
2263 1.0 267 
2264 1.0 12 
2265 1.0 31 
2266 1.0 321 
2267 1.0 201 
2268 1.0 112 
2269 1.0 221 
2270 1.0 143 
2271 1.0 65 
2272 1.0 96 
2273 1.0 124 
2274 1.0 135 
2275 1.0 162 
2276 1.0 160 
2277 1.0 122 
2278 1.0 136 
2279 1.0 191 
2280 1.0 131 
2281 1.0 125 
2282 1.0 175 
2283 1.0 128 
2284 1.0 22 
2285 1.0 296 
2286 1.0 240 
2287 1.0 146 
2288 1.0 161 
2289 1.0 154 
2290 1.0 147 
2291 1.0 139 
2292 1.0 25 
2293 1.0 101 
2294 1.0 238 
2295 1.0 126 
2296 1.0 29 
2297 1.0 134 
2298 1.0 144 
2299 1.0 126 
2300 1.0 166 
2301 1.0 135 
2302 1.0 144 
2303 1.0 115 
2304 1.0 126 
2305 1.0 173 
2306 1.0 122 
2307 1.0 122 
2308 1.0 132 
2309 1.0 148 
2310 1.0 132 
2311 1.0 134 
2312 1.0 116 
2313 1.0 158 
2314 1.0 133 
2315 1.0 175 
2316 1.0 132 
2317 1.0 149 
2318 1.0 137 
2319 1.0 128 
2320 1.0 169 
2321 1.0 126 
2322 1.0 146 
2323 1.0 141 
2324 1.0 102 
2325 1.0 463 
2326 1.0 137 
2327 1.0 149 
2328 1.0 120 
2329 1.0 111 
2330 1.0 122 
2331 1.0 131 
2332 1.0 135 
2333 1.0 110 
2334 1.0 147 
2335 1.0 160 
2336 1.0 129 
2337 1.0 144 
2338 1.0 124 
2339 1.0 280 
2340 1.0 135 
2341 1.0 180 
2342 1.0 162 
2343 1.0 179 
2344 1.0 111 
2345 1.0 113 
2346 1.0 120 
2347 1.0 131 
2348 1.0 102 
2349 1.0 147 
2350 1.0 116 
2351 1.0 109 
2352 1.0 186 
2353 1.0 261 
2354 1.0 192 
2355 1.0 500 
2356 1.0 138 
2357 1.0 179 
2358 1.0 295 
2359 1.0 108 
2360 1.0 120 
2361 1.0 114 
2362 1.0 305 
2363 1.0 10 
2364 1.0 35 
2365 1.0 54 
2366 1.0 32 
2367 1.0 50 
2368 1.0 32 
2369 1.0 49 
2370 1.0 123 
2371 1.0 18 
2372 1.0 40 
2373 1.0 32 
2374 1.0 41 
2375 1.0 73 
2376 1.0 57 
2377 1.0 81 
2378 1.0 126 
2379 1.0 126 
2380 1.0 19 
2381 1.0 321 
2382 1.0 172 
2383 1.0 150 
2384 1.0 387 
2385 1.0 200 
2386 1.0 193 
2387 1.0 150 
2388 1.0 147 
2389 1.0 94 
2390 1.0 105 
2391 1.0 153 
2392 1.0 388 
2393 1.0 225 
2394 1.0 151 
2395 1.0 111 
2396 1.0 126 
2397 1.0 140 
2398 1.0 165 
2399 1.0 173 
2400 1.0 302 
2401 1.0 361 
2402 1.0 127 
2403 1.0 14 
2404 1.0 298 
2405 1.0 157 
2406 1.0 134 
2407 1.0 410 
2408 1.0 213 
2409 1.0 222 
2410 1.0 116 
2411 1.0 121 
2412 1.0 198 
2413 1.0 280 
2414 1.0 74 
2415 1.0 15 
2416 1.0 135 
2417 1.0 77 
2418 1.0 315 
2419 1.0 329 
2420 1.0 217 
2421 1.0 56 
2422 1.0 224 
2423 1.0 152 
2424 1.0 131 
2425 1.0 120 
2426 1.0 142 
2427 1.0 190 
2428 1.0 146 
2429 1.0 144 
2430 1.0 30 
2431 1.0 127 
2432 1.0 111 
2433 1.0 125 
2434 1.0 101 
2435 1.0 170 
2436 1.0 109 
2437 1.0 108 
2438 1.0 23 
2439 1.0 17 
2440 1.0 32 
2441 1.0 42 
2442 1.0 123 
2443 1.0 110 
2444 1.0 93 
2445 1.0 154 
2446 1.0 39 
2447 1.0 267 
2448 1.0 100 
2449 1.0 153 
2450 1.0 181 
2451 1.0 136 
2452 1.0 154 
2453 1.0 114 
2454 1.0 223 
2455 1.0 179 
2456 1.0 220 
2457 1.0 279 
2458 1.0 247 
2459 1.0 273 
2460 1.0 169 
2461 1.0 173 
2462 1.0 183 
2463 1.0 205 
2464 1.0 35 
2465 1.0 150 
2466 1.0 107 
2467 1.0 28 
2468 1.0 23 
2469 1.0 71 
2470 1.0 172 
2471 1.0 143 
2472 1.0 77 
2473 1.0 64 
2474 1.0 130 
2475 1.0 190 
2476 1.0 117 
2477 1.0 202 
2478 1.0 41 
2479 1.0 37 
2480 1.0 18 
2481 1.0 28 
2482 1.0 54 
2483 1.0 156 
2484 1.0 21 
2485 1.0 17 
2486 1.0 15 
2487 1.0 19 
2488 1.0 29 
2489 1.0 32 
2490 1.0 72 
2491 1.0 109 
2492 1.0 15 
2493 1.0 46 
2494 1.0 238 
2495 1.0 50 
2496 1.0 71 
2497 1.0 54 
2498 1.0 79 
2499 1.0 58 
2500 1.0 66 
2501 1.0 99 
2502 1.0 95 
2503 1.0 53 
2504 1.0 74 
2505 1.0 92 
2506 1.0 77 
2507 1.0 120 
2508 1.0 175 
2509 1.0 120 
2510 1.0 164 
2511 1.0 429 
2512 1.0 387 
2513 1.0 212 
2514 1.0 206 
2515 1.0 378 
2516 1.0 135 
2517 1.0 119 
2518 1.0 251 
2519 1.0 185 
2520 1.0 130 
2521 1.0 202 
2522 1.0 155 
2523 1.0 246 
2524 1.0 144 
2525 1.0 101 
2526 1.0 176 
2527 1.0 328 
2528 1.0 182 
2529 1.0 169 
2530 1.0 142 
2531 1.0 221 
2532 1.0 221 
2533 1.0 190 
2534 1.0 213 
2535 1.0 258 
2536 1.0 160 
2537 1.0 152 
2538 1.0 500 
2539 1.0 344 
2540 1.0 139 
2541 1.0 315 
2542 1.0 356 
2543 1.0 318 
2544 1.0 150 
2545 1.0 220 
2546 1.0 245 
2547 1.0 80 
2548 1.0 130 
2549 1.0 109 
2550 1.0 106 
2551 1.0 115 
2552 1.0 111 
2553 1.0 108 
2554 1.0 134 
2555 1.0 29 
2556 1.0 124 
2557 1.0 117 
2558 1.0 107 
2559 1.0 140 
2560 1.0 315 
2561 1.0 125 
2562 1.0 112 
2563 1.0 165 
2564 1.0 147 
2565 1.0 114 
2566 1.0 21 
2567 1.0 268 
2568 1.0 138 
2569 1.0 135 
2570 1.0 116 
2571 1.0 112 
2572 1.0 129 
2573 1.0 22 
2574 1.0 142 
2575 1.0 140 
2576 1.0 139 
2577 1.0 161 
2578 1.0 125 
2579 1.0 137 
2580 1.0 155 
2581 1.0 129 
2582 1.0 177 
2583 1.0 108 
2584 1.0 123 
2585 1.0 129 
2586 1.0 206 
2587 1.0 79 
2588 1.0 194 
2589 1.0 130 
2590 1.0 180 
2591 1.0 287 
2592 1.0 198 
2593 1.0 283 
2594 1.0 379 
2595 1.0 256 
2596 1.0 128 
2597 1.0 103 
2598 1.0 112 
2599 1.0 149 
2600 1.0 112 
2601 1.0 130 
2602 1.0 120 
2603 1.0 140 
2604 1.0 153 
2605 1.0 118 
2606 1.0 201 
2607 1.0 356 
2608 1.0 58 
2609 1.0 49 
2610 1.0 205 
2611 1.0 249 
2612 1.0 149 
2613 1.0 163 
2614 1.0 207 
2615 1.0 175 
2616 1.0 80 
2617 1.0 114 
2618 1.0 145 
2619 1.0 29 
2620 1.0 118 
2621 1.0 114 
2622 1.0 117 
2623 1.0 145 
2624 1.0 126 
2625 1.0 99 
2626 1.0 186 
2627 1.0 219 
2628 1.0 95 
2629 1.0 238 
2630 1.0 170 
2631 1.0 165 
2632 1.0 206 
2633 1.0 31 
2634 1.0 75 
2635 1.0 118 
2636 1.0 62 
2637 1.0 235 
2638 1.0 124 
2639 1.0 223 
2640 1.0 192 
2641 1.0 145 
2642 1.0 103 
2643 1.0 439 
2644 1.0 156 
2645 1.0 126 
2646 1.0 231 
2647 1.0 300 
2648 1.0 170 
2649 1.0 383 
2650 1.0 272 
2651 1.0 174 
2652 1.0 219 
2653 1.0 280 
2654 1.0 354 
2655 1.0 192 
2656 1.0 172 
2657 1.0 326 
2658 1.0 350 
2659 1.0 98 
2660 1.0 17 
2661 1.0 198 
2662 1.0 136 
2663 1.0 357 
2664 1.0 67 
2665 1.0 118 
2666 1.0 100 
2667 1.0 25 
2668 1.0 99 
2669 1.0 99 
2670 1.0 35 
2671 1.0 115 
2672 1.0 139 
2673 1.0 100 
2674 1.0 82 
2675 1.0 156 
2676 1.0 138 
2677 1.0 144 
2678 1.0 188 
2679 1.0 125 
2680 1.0 447 
2681 1.0 142 
2682 1.0 182 
2683 1.0 407 
2684 1.0 462 
2685 1.0 175 
2686 1.0 186 
2687 1.0 331 
2688 1.0 167 
2689 1.0 197 
2690 1.0 202 
2691 1.0 229 
2692 1.0 212 
2693 1.0 16 
2694 1.0 112 
2695 1.0 130 
2696 1.0 173 
2697 1.0 128 
2698 1.0 205 
2699 1.0 157 
2700 1.0 146 
2701 1.0 178 
2702 1.0 273 
2703 1.0 164 
2704 1.0 445 
2705 1.0 198 
2706 1.0 326 
2707 1.0 344 
2708 1.0 308 
2709 1.0 500 
2710 1.0 255 
2711 1.0 192 
2712 1.0 122 
2713 1.0 108 
2714 1.0 148 
2715 1.0 176 
2716 1.0 205 
2717 1.0 31 
2718 1.0 136 
2719 1.0 106 
2720 1.0 209 
2721 1.0 62 
2722 1.0 100 
2723 1.0 202 
2724 1.0 27 
2725 1.0 138 
2726 1.0 127 
2727 1.0 158 
2728 1.0 157 
2729 1.0 26 
2730 1.0 16 
2731 1.0 50 
2732 1.0 400 
2733 1.0 111 
2734 1.0 129 
2735 1.0 89 
2736 1.0 219 
2737 1.0 178 
2738 1.0 12 
2739 1.0 34 
2740 1.0 60 
2741 1.0 53 
2742 1.0 32 
2743 1.0 63 
2744 1.0 75 
2745 1.0 213 
2746 1.0 60 
2747 1.0 75 
2748 1.0 12 
2749 1.0 49 
2750 1.0 171 
2751 1.0 328 
2752 1.0 215 
2753 1.0 372 
2754 1.0 132 
2755 1.0 118 
2756 1.0 146 
2757 1.0 197 
2758 1.0 171 
2759 1.0 32 
2760 1.0 73 
2761 1.0 82 
2762 1.0 87 
2763 1.0 126 
2764 1.0 178 
2765 1.0 364 
2766 1.0 177 
2767 1.0 168 
2768 1.0 111 
2769 1.0 113 
2770 1.0 66 
2771 1.0 103 
2772 1.0 127 
2773 1.0 166 
2774 1.0 247 
2775 1.0 14 
2776 1.0 114 
2777 1.0 51 
2778 1.0 40 
2779 1.0 152 
2780 1.0 19 
2781 1.0 74 
2782 1.0 112 
2783 1.0 113 
2784 1.0 35 
2785 1.0 170 
2786 1.0 34 
2787 1.0 223 
2788 1.0 224 
2789 1.0 238 
2790 1.0 251 
2791 1.0 193 
2792 1.0 74 
2793 1.0 99 
2794 1.0 171 
2795 1.0 116 
2796 1.0 128 
2797 1.0 159 
2798 1.0 132 
2799 1.0 166 
2800 1.0 53 
2801 1.0 56 
2802 1.0 274 
2803 1.0 140 
2804 1.0 116 
2805 1.0 144 
2806 1.0 242 
2807 1.0 143 
2808 1.0 220 
2809 1.0 219 
2810 1.0 227 
2811 1.0 200 
2812 1.0 191 
2813 1.0 109 
2814 1.0 53 
2815 1.0 50 
2816 1.0 69 
2817 1.0 41 
2818 1.0 20 
2819 1.0 47 
2820 1.0 47 
2821 1.0 45 
2822 1.0 39 
2823 1.0 53 
2824 1.0 86 
2825 1.0 61 
2826 1.0 72 
2827 1.0 134 
2828 1.0 95 
2829 1.0 92 
2830 1.0 68 
2831 1.0 93 
2832 1.0 112 
2833 1.0 413 
2834 1.0 171 
2835 1.0 126 
2836 1.0 136 
2837 1.0 101 
2838 1.0 133 
2839 1.0 125 
2840 1.0 124 
2841 1.0 135 
2842 1.0 116 
2843 1.0 144 
2844 1.0 133 
2845 1.0 158 
2846 1.0 147 
2847 1.0 15 
2848 1.0 13 
2849 1.0 12 
2850 1.0 14 
2851 1.0 51 
2852 1.0 18 
2853 1.0 37 
2854 1.0 93 
2855 1.0 11 
2856 1.0 22 
2857 1.0 53 
2858 1.0 26 
2859 1.0 12 
2860 1.0 13 
2861 1.0 23 
2862 1.0 98 
2863 1.0 24 
2864 1.0 26 
2865 1.0 112 
2866 1.0 20 
2867 1.0 122 
2868 1.0 156 
2869 1.0 240 
2870 1.0 97 
2871 1.0 150 
2872 1.0 125 
2873 1.0 48 
2874 1.0 109 
2875 1.0 140 
2876 1.0 104 
2877 1.0 104 
2878 1.0 179 
2879 1.0 116 
2880 1.0 155 
2881 1.0 148 
2882 1.0 68 
2883 1.0 84 
2884 1.0 46 
2885 1.0 38 
2886 1.0 11 
2887 1.0 24 
2888 1.0 29 
2889 1.0 30 
2890 1.0 31 
2891 1.0 111 
2892 1.0 68 
2893 1.0 198 
2894 1.0 66 
2895 1.0 67 
2896 1.0 71 
2897 1.0 80 
2898 1.0 97 
2899 1.0 20 
2900 1.0 36 
2901 1.0 250 
2902 1.0 265 
2903 1.0 161 
2904 1.0 31 
2905 1.0 101 
2906 1.0 142 
2907 1.0 109 
2908 1.0 136 
2909 1.0 156 
2910 1.0 64 
2911 1.0 124 
2912 1.0 111 
2913 1.0 115 
2914 1.0 84 
2915 1.0 30 
2916 1.0 114 
2917 1.0 107 
2918 1.0 31 
2919 1.0 22 
2920 1.0 99 
2921 1.0 116 
2922 1.0 37 
2923 1.0 28 
2924 1.0 33 
2925 1.0 142 
2926 1.0 114 
2927 1.0 25 
2928 1.0 17 
2929 1.0 15 
2930 1.0 31 
2931 1.0 19 
2932 1.0 22 
2933 1.0 111 
2934 1.0 107 
2935 1.0 115 
2936 1.0 42 
2937 1.0 100 
2938 1.0 45 
2939 1.0 49 
2940 1.0 102 
2941 1.0 113 
2942 1.0 28 
2943 1.0 120 
2944 1.0 119 
2945 1.0 132 
2946 1.0 103 
2947 1.0 154 
2948 1.0 184 
2949 1.0 127 
2950 1.0 126 
2951 1.0 213 
2952 1.0 122 
2953 1.0 100 
2954 1.0 43 
2955 1.0 107 
2956 1.0 153 
2957 1.0 150 
2958 1.0 124 
2959 1.0 147 
2960 1.0 104 
2961 1.0 87 
2962 1.0 98 
2963 1.0 40 
2964 1.0 111 
2965 1.0 135 
2966 1.0 134 
2967 1.0 110 
2968 1.0 21 
2969 1.0 137 
2970 1.0 326 
2971 1.0 357 
2972 1.0 91 
2973 1.0 203 
2974 1.0 123 
2975 1.0 160 
2976 1.0 286 
2977 1.0 129 
2978 1.0 240 
2979 1.0 421 
2980 1.0 198 
2981 1.0 77 
2982 1.0 221 
2983 1.0 169 
2984 1.0 133 
2985 1.0 85 
2986 1.0 87 
2987 1.0 84 
2988 1.0 91 
2989 1.0 12 
2990 1.0 19 
2991 1.0 56 
2992 1.0 76 
2993 1.0 77 
2994 1.0 164 
2995 1.0 166 
2996 1.0 35 
2997 1.0 13 
2998 1.0 14 
2999 1.0 15 
3000 1.0 12 
3001 1.0 199 
3002 1.0 84 
3003 1.0 64 
3004 1.0 62 
3005 1.0 63 
3006 1.0 49 
3007 1.0 89 
3008 1.0 79 
3009 1.0 134 
3010 1.0 85 
3011 1.0 14 
3012 1.0 13 
3013 1.0 88 
3014 1.0 83 
3015 1.0 9 
3016 1.0 100 
3017 1.0 158 
3018 1.0 94 
3019 1.0 97 
3020 1.0 81 
3021 1.0 9 
3022 1.0 265 
3023 1.0 104 
3024 1.0 78 
3025 1.0 85 
3026 1.0 79 
3027 1.0 23 
3028 1.0 82 
3029 1.0 17 
3030 1.0 13 
3031 1.0 16 
3032 1.0 10 
3033 1.0 75 
3034 1.0 72 
3035 1.0 11 
3036 1.0 18 
3037 1.0 89 
3038 1.0 128 
3039 1.0 120 
3040 1.0 78 
3041 1.0 115 
3042 1.0 112 
3043 1.0 156 
3044 1.0 101 
3045 1.0 115 
3046 1.0 274 
3047 1.0 160 
3048 1.0 269 
3049 1.0 225 
3050 1.0 182 
3051 1.0 35 
3052 1.0 165 
3053 1.0 144 
3054 1.0 212 
3055 1.0 108 
3056 1.0 230 
3057 1.0 96 
3058 1.0 413 
3059 1.0 100 
3060 1.0 89 
3061 1.0 17 
3062 1.0 130 
3063 1.0 246 
3064 1.0 201 
3065 1.0 194 
3066 1.0 157 
3067 1.0 11 
3068 1.0 106 
3069 1.0 166 
3070 1.0 110 
3071 1.0 101 
3072 1.0 122 
3073 1.0 121 
3074 1.0 122 
3075 1.0 125 
3076 1.0 16 
3077 1.0 83 
3078 1.0 96 
3079 1.0 112 
3080 1.0 181 
3081 1.0 114 
3082 1.0 136 
3083 1.0 164 
3084 1.0 458 
3085 1.0 154 
3086 1.0 208 
3087 1.0 201 
3088 1.0 349 
3089 1.0 101 
3090 1.0 145 
3091 1.0 434 
3092 1.0 193 
3093 1.0 211 
3094 1.0 189 
3095 1.0 201 
3096 1.0 108 
3097 1.0 164 
3098 1.0 200 
3099 1.0 253 
3100 1.0 274 
3101 1.0 321 
3102 1.0 110 
3103 1.0 299 
3104 1.0 427 
3105 1.0 215 
3106 1.0 148 
3107 1.0 284 
3108 1.0 201 
3109 1.0 232 
3110 1.0 216 
3111 1.0 407 
3112 1.0 189 
3113 1.0 277 
3114 1.0 140 
3115 1.0 238 
3116 1.0 225 
3117 1.0 206 
3118 1.0 83 
3119 1.0 155 
3120 1.0 126 
3121 1.0 125 
3122 1.0 148 
3123 1.0 129 
3124 1.0 118 
3125 1.0 164 
3126 1.0 172 
3127 1.0 170 
3128 1.0 136 
3129 1.0 239 
3130 1.0 150 
3131 1.0 136 
3132 1.0 168 
3133 1.0 160 
3134 1.0 178 
3135 1.0 188 
3136 1.0 195 
3137 1.0 346 
3138 1.0 245 
3139 1.0 142 
3140 1.0 191 
3141 1.0 170 
3142 1.0 180 
3143 1.0 160 
3144 1.0 149 
3145 1.0 137 
3146 1.0 130 
3147 1.0 137 
3148 1.0 154 
3149 1.0 146 
3150 1.0 172 
3151 1.0 143 
3152 1.0 116 
3153 1.0 199 
3154 1.0 163 
3155 1.0 172 
3156 1.0 145 
3157 1.0 159 
3158 1.0 181 
3159 1.0 179 
3160 1.0 168 
3161 1.0 153 
3162 1.0 148 
3163 1.0 182 
3164 1.0 205 
3165 1.0 125 
3166 1.0 147 
3167 1.0 130 
3168 1.0 128 
3169 1.0 127 
3170 1.0 126 
3171 1.0 11 
3172 1.0 94 
3173 1.0 13 
3174 1.0 14 
3175 1.0 14 
3176 1.0 119 
3177 1.0 10 
3178 1.0 12 
3179 1.0 15 
3180 1.0 10 
3181 1.0 91 
3182 1.0 106 
3183 1.0 110 
3184 1.0 101 
3185 1.0 90 
3186 1.0 105 
3187 1.0 107 
3188 1.0 147 
3189 1.0 211 
3190 1.0 141 
3191 1.0 127 
3192 1.0 139 
3193 1.0 109 
3194 1.0 111 
3195 1.0 129 
3196 1.0 135 
3197 1.0 154 
3198 1.0 98 
3199 1.0 135 
3200 1.0 173 
3201 1.0 171 
3202 1.0 176 
3203 1.0 190 
3204 1.0 262 
3205 1.0 284 
3206 1.0 209 
3207 1.0 240 
3208 1.0 152 
3209 1.0 208 
3210 1.0 219 
3211 1.0 217 
3212 1.0 198 
3213 1.0 386 
3214 1.0 187 
3215 1.0 128 
3216 1.0 197 
3217 1.0 194 
3218 1.0 155 
3219 1.0 396 
3220 1.0 281 
3221 1.0 124 
3222 1.0 190 
3223 1.0 157 
3224 1.0 131 
3225 1.0 140 
3226 1.0 195 
3227 1.0 229 
3228 1.0 219 
3229 1.0 201 
3230 1.0 253 
3231 1.0 229 
3232 1.0 178 
3233 1.0 188 
3234 1.0 230 
3235 1.0 261 
3236 1.0 314 
3237 1.0 234 
3238 1.0 209 
3239 1.0 183 
3240 1.0 338 
3241 1.0 108 
3242 1.0 209 
3243 1.0 166 
3244 1.0 280 
3245 1.0 253 
3246 1.0 89 
3247 1.0 142 
3248 1.0 187 
3249 1.0 222 
3250 1.0 230 
3251 1.0 228 
3252 1.0 228 
3253 1.0 267 
3254 1.0 305 
3255 1.0 213 
3256 1.0 223 
3257 1.0 233 
3258 1.0 385 
3259 1.0 245 
3260 1.0 257 
3261 1.0 387 
3262 1.0 265 
3263 1.0 419 
3264 1.0 242 
3265 1.0 163 
3266 1.0 254 
3267 1.0 239 
3268 1.0 206 
3269 1.0 338 
3270 1.0 162 
3271 1.0 151 
3272 1.0 161 
3273 1.0 158 
3274 1.0 174 
3275 1.0 188 
3276 1.0 214 
3277 1.0 447 
3278 1.0 226 
3279 1.0 187 
3280 1.0 162 
3281 1.0 204 
3282 1.0 131 
3283 1.0 119 
3284 1.0 209 
3285 1.0 343 
3286 1.0 86 
3287 1.0 130 
3288 1.0 405 
3289 1.0 167 
3290 1.0 209 
3291 1.0 329 
3292 1.0 177 
3293 1.0 170 
3294 1.0 201 
3295 1.0 194 
3296 1.0 292 
3297 1.0 289 
3298 1.0 185 
3299 1.0 345 
3300 1.0 96 
3301 1.0 191 
3302 1.0 149 
3303 1.0 82 
3304 1.0 123 
3305 1.0 144 
3306 1.0 181 
3307 1.0 249 
3308 1.0 186 
3309 1.0 158 
3310 1.0 198 
3311 1.0 265 
3312 1.0 194 
3313 1.0 196 
3314 1.0 158 
3315 1.0 176 
3316 1.0 206 
3317 1.0 169 
3318 1.0 209 
3319 1.0 191 
3320 1.0 28 
3321 1.0 61 
3322 1.0 500 
3323 1.0 188 
3324 1.0 292 
3325 1.0 144 
3326 1.0 115 
3327 1.0 229 
3328 1.0 475 
3329 1.0 129 
3330 1.0 188 
3331 1.0 181 
3332 1.0 222 
3333 1.0 214 
3334 1.0 183 
3335 1.0 224 
3336 1.0 308 
3337 1.0 159 
3338 1.0 205 
3339 1.0 208 
3340 1.0 239 
3341 1.0 153 
3342 1.0 500 
3343 1.0 115 
3344 1.0 122 
3345 1.0 124 
3346 1.0 153 
3347 1.0 164 
3348 1.0 95 
3349 1.0 213 
3350 1.0 238 
3351 1.0 315 
3352 1.0 299 
3353 1.0 96 
3354 1.0 206 
3355 1.0 188 
3356 1.0 500 
3357 1.0 246 
3358 1.0 193 
3359 1.0 249 
3360 1.0 94 
3361 1.0 245 
3362 1.0 224 
3363 1.0 352 
3364 1.0 272 
3365 1.0 234 
3366 1.0 190 
3367 1.0 162 
3368 1.0 227 
3369 1.0 173 
3370 1.0 206 
3371 1.0 279 
3372 1.0 203 
3373 1.0 248 
3374 1.0 112 
3375 1.0 102 
3376 1.0 121 
3377 1.0 144 
3378 1.0 342 
3379 1.0 341 
3380 1.0 94 
3381 1.0 164 
3382 1.0 205 
3383 1.0 98 
3384 1.0 283 
3385 1.0 172 
3386 1.0 223 
3387 1.0 191 
3388 1.0 214 
3389 1.0 106 
3390 1.0 94 
3391 1.0 107 
3392 1.0 140 
3393 1.0 129 
3394 1.0 134 
3395 1.0 129 
3396 1.0 126 
3397 1.0 149 
3398 1.0 128 
3399 1.0 146 
3400 1.0 146 
3401 1.0 142 
3402 1.0 156 
3403 1.0 134 
3404 1.0 200 
3405 1.0 23 
3406 1.0 10 
3407 1.0 16 
3408 1.0 67 
3409 1.0 77 
3410 1.0 19 
3411 1.0 101 
3412 1.0 122 
3413 1.0 110 
3414 1.0 151 
3415 1.0 178 
3416 1.0 117 
3417 1.0 112 
3418 1.0 139 
3419 1.0 145 
3420 1.0 165 
3421 1.0 147 
3422 1.0 133 
3423 1.0 96 
3424 1.0 22 
3425 1.0 121 
3426 1.0 149 
3427 1.0 127 
3428 1.0 152 
3429 1.0 183 
3430 1.0 143 
3431 1.0 206 
3432 1.0 158 
3433 1.0 33 
3434 1.0 131 
3435 1.0 159 
3436 1.0 187 
3437 1.0 275 
3438 1.0 374 
3439 1.0 176 
3440 1.0 422 
3441 1.0 188 
3442 1.0 167 
3443 1.0 100 
3444 1.0 151 
3445 1.0 199 
3446 1.0 165 
3447 1.0 335 
3448 1.0 189 
3449 1.0 322 
3450 1.0 188 
3451 1.0 179 
3452 1.0 147 
3453 1.0 187 
3454 1.0 139 
3455 1.0 479 
3456 1.0 139 
3457 1.0 98 
3458 1.0 140 
3459 1.0 123 
3460 1.0 110 
3461 1.0 104 
3462 1.0 116 
3463 1.0 159 
3464 1.0 130 
3465 1.0 131 
3466 1.0 118 
3467 1.0 103 
3468 1.0 311 
3469 1.0 161 
3470 1.0 164 
3471 1.0 112 
3472 1.0 136 
3473 1.0 283 
3474 1.0 275 
3475 1.0 199 
3476 1.0 188 
3477 1.0 192 
3478 1.0 156 
3479 1.0 146 
3480 1.0 282 
3481 1.0 157 
3482 1.0 394 
3483 1.0 152 
3484 1.0 317 
3485 1.0 174 
3486 1.0 168 
3487 1.0 135 
3488 1.0 141 
3489 1.0 168 
3490 1.0 264 
3491 1.0 190 
3492 1.0 199 
3493 1.0 185 
3494 1.0 101 
3495 1.0 214 
3496 1.0 187 
3497 1.0 185 
3498 1.0 277 
3499 1.0 171 
3500 1.0 150 
3501 1.0 124 
3502 1.0 157 
3503 1.0 134 
3504 1.0 114 
3505 1.0 143 
3506 1.0 151 
3507 1.0 144 
3508 1.0 135 
3509 1.0 124 
3510 1.0 219 
3511 1.0 202 
3512 1.0 281 
3513 1.0 211 
3514 1.0 310 
3515 1.0 115 
3516 1.0 82 
3517 1.0 123 
3518 1.0 183 
3519 1.0 121 
3520 1.0 125 
3521 1.0 140 
3522 1.0 107 
3523 1.0 13 
3524 1.0 13 
3525 1.0 16 
3526 1.0 12 
3527 1.0 66 
3528 1.0 93 
3529 1.0 78 
3530 1.0 71 
3531 1.0 118 
3532 1.0 77 
3533 1.0 12 
3534 1.0 265 
3535 1.0 206 
3536 1.0 168 
3537 1.0 217 
3538 1.0 117 
3539 1.0 215 
3540 1.0 242 
3541 1.0 205 
3542 1.0 163 
3543 1.0 154 
3544 1.0 385 
3545 1.0 197 
3546 1.0 289 
3547 1.0 228 
3548 1.0 208 
3549 1.0 194 
3550 1.0 166 
3551 1.0 174 
3552 1.0 190 
3553 1.0 117 
3554 1.0 142 
3555 1.0 262 
3556 1.0 107 
3557 1.0 129 
3558 1.0 315 
3559 1.0 180 
3560 1.0 333 
3561 1.0 129 
3562 1.0 212 
3563 1.0 181 
3564 1.0 330 
3565 1.0 214 
3566 1.0 184 
3567 1.0 142 
3568 1.0 100 
3569 1.0 136 
3570 1.0 169 
3571 1.0 143 
3572 1.0 223 
3573 1.0 232 
3574 1.0 224 
3575 1.0 296 
3576 1.0 11 
3577 1.0 199 
3578 1.0 232 
3579 1.0 194 
3580 1.0 130 
3581 1.0 169 
3582 1.0 198 
3583 1.0 150 
3584 1.0 181 
3585 1.0 212 
3586 1.0 176 
3587 1.0 202 
3588 1.0 204 
3589 1.0 149 
3590 1.0 145 
3591 1.0 159 
3592 1.0 157 
3593 1.0 175 
3594 1.0 111 
3595 1.0 347 
3596 1.0 200 
3597 1.0 303 
3598 1.0 311 
3599 1.0 146 
3600 1.0 11 
3601 1.0 143 
3602 1.0 160 
3603 1.0 207 
3604 1.0 17 
3605 1.0 134 
3606 1.0 176 
3607 1.0 194 
3608 1.0 190 
3609 1.0 145 
3610 1.0 262 
3611 1.0 323 
3612 1.0 267 
3613 1.0 253 
3614 1.0 219 
3615 1.0 404 
3616 1.0 268 
3617 1.0 104 
3618 1.0 118 
3619 1.0 137 
3620 1.0 186 
3621 1.0 198 
3622 1.0 151 
3623 1.0 222 
3624 1.0 442 
3625 1.0 181 
3626 1.0 198 
3627 1.0 196 
3628 1.0 184 
3629 1.0 173 
3630 1.0 184 
3631 1.0 247 
3632 1.0 252 
3633 1.0 210 
3634 1.0 195 
3635 1.0 289 
3636 1.0 305 
3637 1.0 271 
3638 1.0 257 
3639 1.0 236 
3640 1.0 182 
3641 1.0 362 
3642 1.0 221 
3643 1.0 263 
3644 1.0 395 
3645 1.0 270 
3646 1.0 351 
3647 1.0 134 
3648 1.0 218 
3649 1.0 145 
3650 1.0 432 
3651 1.0 184 
3652 1.0 15 
3653 1.0 153 
3654 1.0 379 
3655 1.0 338 
3656 1.0 231 
3657 1.0 274 
3658 1.0 117 
3659 1.0 284 
3660 1.0 239 
3661 1.0 395 
3662 1.0 265 
3663 1.0 136 
3664 1.0 144 
3665 1.0 240 
3666 1.0 134 
3667 1.0 253 
3668 1.0 365 
3669 1.0 167 
3670 1.0 252 
3671 1.0 281 
3672 1.0 215 
3673 1.0 242 
3674 1.0 197 
3675 1.0 112 
3676 1.0 139 
3677 1.0 186 
3678 1.0 161 
3679 1.0 126 
3680 1.0 179 
3681 1.0 261 
3682 1.0 255 
3683 1.0 244 
3684 1.0 280 
3685 1.0 150 
3686 1.0 500 
3687 1.0 241 
3688 1.0 290 
3689 1.0 292 
3690 1.0 479 
3691 1.0 207 
3692 1.0 202 
3693 1.0 90 
3694 1.0 233 
3695 1.0 161 
3696 1.0 117 
3697 1.0 163 
3698 1.0 143 
3699 1.0 352 
3700 1.0 210 
3701 1.0 221 
3702 1.0 188 
3703 1.0 163 
3704 1.0 346 
3705 1.0 131 
3706 1.0 169 
3707 1.0 164 
3708 1.0 176 
3709 1.0 205 
3710 1.0 163 
3711 1.0 137 
3712 1.0 138 
3713 1.0 179 
3714 1.0 181 
3715 1.0 137 
3716 1.0 178 
3717 1.0 194 
3718 1.0 163 
3719 1.0 337 
3720 1.0 20 
3721 1.0 193 
3722 1.0 194 
3723 1.0 104 
3724 1.0 249 
3725 1.0 160 
3726 1.0 134 
3727 1.0 121 
3728 1.0 140 
3729 1.0 18 
3730 1.0 222 
3731 1.0 269 
3732 1.0 159 
3733 1.0 143 
3734 1.0 157 
3735 1.0 209 
3736 1.0 220 
3737 1.0 182 
3738 1.0 195 
3739 1.0 143 
3740 1.0 155 
3741 1.0 279 
3742 1.0 222 
3743 1.0 171 
3744 1.0 278 
3745 1.0 227 
3746 1.0 204 
3747 1.0 175 
3748 1.0 198 
3749 1.0 169 
3750 1.0 198 
3751 1.0 84 
3752 1.0 143 
3753 1.0 112 
3754 1.0 108 
3755 1.0 138 
3756 1.0 112 
3757 1.0 117 
3758 1.0 117 
3759 1.0 198 
3760 1.0 157 
3761 1.0 203 
3762 1.0 299 
3763 1.0 257 
3764 1.0 279 
3765 1.0 170 
3766 1.0 72 
3767 1.0 146 
3768 1.0 96 
3769 1.0 144 
3770 1.0 121 
3771 1.0 176 
3772 1.0 204 
3773 1.0 185 
3774 1.0 194 
3775 1.0 160 
3776 1.0 160 
3777 1.0 160 
3778 1.0 99 
3779 1.0 234 
3780 1.0 349 
3781 1.0 209 
3782 1.0 203 
3783 1.0 175 
3784 1.0 421 
3785 1.0 285 
3786 1.0 192 
3787 1.0 154 
3788 1.0 142 
3789 1.0 143 
3790 1.0 147 
3791 1.0 248 
3792 1.0 242 
3793 1.0 380 
3794 1.0 205 
3795 1.0 205 
3796 1.0 258 
3797 1.0 335 
3798 1.0 226 
3799 1.0 225 
3800 1.0 177 
3801 1.0 350 
3802 1.0 232 
3803 1.0 267 
3804 1.0 186 
3805 1.0 231 
3806 1.0 212 
3807 1.0 110 
3808 1.0 140 
3809 1.0 125 
3810 1.0 77 
3811 1.0 131 
3812 1.0 109 
3813 1.0 87 
3814 1.0 118 
3815 1.0 119 
3816 1.0 176 
3817 1.0 143 
3818 1.0 131 
3819 1.0 158 
3820 1.0 124 
3821 1.0 145 
3822 1.0 178 
3823 1.0 11 
3824 1.0 84 
3825 1.0 77 
3826 1.0 107 
3827 1.0 148 
3828 1.0 9 
3829 1.0 13 
3830 1.0 135 
3831 1.0 133 
3832 1.0 166 
3833 1.0 193 
3834 1.0 170 
3835 1.0 262 
3836 1.0 232 
3837 1.0 197 
3838 1.0 14 
3839 1.0 108 
3840 1.0 150 
3841 1.0 438 
3842 1.0 250 
3843 1.0 218 
3844 1.0 198 
3845 1.0 186 
3846 1.0 226 
3847 1.0 236 
3848 1.0 223 
3849 1.0 388 
3850 1.0 183 
3851 1.0 233 
3852 1.0 142 
3853 1.0 365 
3854 1.0 200 
3855 1.0 86 
3856 1.0 233 
3857 1.0 142 
3858 1.0 212 
3859 1.0 19 
3860 1.0 178 
3861 1.0 106 
3862 1.0 287 
3863 1.0 186 
3864 1.0 222 
3865 1.0 239 
3866 1.0 416 
3867 1.0 218 
3868 1.0 222 
3869 1.0 103 
3870 1.0 236 
3871 1.0 150 
3872 1.0 352 
3873 1.0 243 
3874 1.0 243 
3875 1.0 207 
3876 1.0 231 
3877 1.0 487 
3878 1.0 370 
3879 1.0 334 
3880 1.0 179 
3881 1.0 357 
3882 1.0 184 
3883 1.0 135 
3884 1.0 306 
3885 1.0 161 
3886 1.0 391 
3887 1.0 150 
3888 1.0 173 
3889 1.0 166 
3890 1.0 390 
3891 1.0 120 
3892 1.0 214 
3893 1.0 150 
3894 1.0 312 
3895 1.0 139 
3896 1.0 103 
3897 1.0 316 
3898 1.0 140 
3899 1.0 169 
3900 1.0 221 
3901 1.0 172 
3902 1.0 199 
3903 1.0 114 
3904 1.0 363 
3905 1.0 388 
3906 1.0 331 
3907 1.0 219 
3908 1.0 212 
3909 1.0 199 
3910 1.0 249 
3911 1.0 222 
3912 1.0 12 
3913 1.0 126 
3914 1.0 124 
3915 1.0 142 
3916 1.0 145 
3917 1.0 164 
3918 1.0 149 
3919 1.0 120 
3920 1.0 140 
3921 1.0 267 
3922 1.0 161 
3923 1.0 193 
3924 1.0 204 
3925 1.0 8 
3926 1.0 123 
3927 1.0 131 
3928 1.0 182 
3929 1.0 120 
3930 1.0 195 
3931 1.0 141 
3932 1.0 153 
3933 1.0 159 
3934 1.0 294 
3935 1.0 155 
3936 1.0 115 
3937 1.0 118 
3938 1.0 138 
3939 1.0 112 
3940 1.0 11 
3941 1.0 139 
3942 1.0 14 
3943 1.0 187 
3944 1.0 259 
3945 1.0 480 
3946 1.0 222 
3947 1.0 192 
3948 1.0 208 
3949 1.0 133 
3950 1.0 10 
3951 1.0 9 
3952 1.0 10 
3953 1.0 11 
3954 1.0 12 
3955 1.0 139 
3956 1.0 326 
3957 1.0 153 
3958 1.0 16 
3959 1.0 162 
3960 1.0 134 
3961 1.0 14 
3962 1.0 181 
3963 1.0 142 
3964 1.0 191 
3965 1.0 105 
3966 1.0 134 
3967 1.0 214 
3968 1.0 175 
3969 1.0 161 
3970 1.0 294 
3971 1.0 500 
3972 1.0 318 
3973 1.0 150 
3974 1.0 187 
3975 1.0 219 
3976 1.0 191 
3977 1.0 229 
3978 1.0 202 
3979 1.0 237 
3980 1.0 255 
3981 1.0 281 
3982 1.0 11 
3983 1.0 15 
3984 1.0 115 
3985 1.0 14 
3986 1.0 121 
3987 1.0 133 
3988 1.0 136 
3989 1.0 135 
3990 1.0 153 
3991 1.0 127 
3992 1.0 211 
3993 1.0 169 
3994 1.0 8 
3995 1.0 282 
3996 1.0 11 
3997 1.0 101 
3998 1.0 130 
3999 1.0 115 
4000 1.0 108 
4001 1.0 109 
4002 1.0 122 
4003 1.0 131 
4004 1.0 137 
4005 1.0 103 
4006 1.0 106 
4007 1.0 110 
4008 1.0 102 
4009 1.0 106 
4010 1.0 116 
4011 1.0 117 
4012 1.0 141 
4013 1.0 107 
4014 1.0 145 
4015 1.0 150 
4016 1.0 164 
4017 1.0 14 
4018 1.0 15 
4019 1.0 14 
4020 1.0 11 
4021 1.0 8 
4022 1.0 11 
4023 1.0 11 
4024 1.0 8 
4025 1.0 8 
4026 1.0 11 
4027 1.0 9 
4028 1.0 136 
4029 1.0 116 
4030 1.0 151 
4031 1.0 167 
4032 1.0 10 
4033 1.0 10 
4034 1.0 14 
4035 1.0 14 
4036 1.0 8 
4037 1.0 9 
4038 1.0 9 
4039 1.0 11 
4040 1.0 10 
4041 1.0 11 
4042 1.0 9 
4043 1.0 10 
4044 1.0 11 
4045 1.0 9 
4046 1.0 10 
4047 1.0 9 
4048 1.0 10 
4049 1.0 9 
4050 1.0 10 
4051 1.0 9 
4052 1.0 8 
4053 1.0 8 
4054 1.0 8 
4055 1.0 9 
4056 1.0 10 
4057 1.0 9 
4058 1.0 10 
4059 1.0 9 
4060 1.0 10 
4061 1.0 9 
4062 1.0 12 
4063 1.0 107 
4064 1.0 11 
4065 1.0 10 
4066 1.0 12 
4067 1.0 11 
4068 1.0 10 
4069 1.0 9 
4070 1.0 11 
4071 1.0 13 
4072 1.0 15 
4073 1.0 112 
4074 1.0 100 
4075 1.0 108 
4076 1.0 101 
4077 1.0 146 
4078 1.0 273 
4079 1.0 22 
4080 1.0 19 
4081 1.0 86 
4082 1.0 13 
4083 1.0 94 
4084 1.0 79 
4085 1.0 110 
4086 1.0 102 
4087 1.0 151 
4088 1.0 15 
4089 1.0 485 
4090 1.0 106 
4091 1.0 107 
4092 1.0 96 
4093 1.0 259 
4094 1.0 131 
4095 1.0 119 
4096 1.0 117 
4097 1.0 134 
4098 1.0 116 
4099 1.0 100 
4100 1.0 93 
4101 1.0 12 
4102 1.0 118 
4103 1.0 96 
4104 1.0 14 
4105 1.0 11 
4106 1.0 13 
4107 1.0 10 
4108 1.0 13 
4109 1.0 13 
4110 1.0 108 
4111 1.0 10 
4112 1.0 10 
4113 1.0 9 
4114 1.0 10 
4115 1.0 9 
4116 1.0 138 
4117 1.0 111 
4118 1.0 11 
4119 1.0 10 
4120 1.0 10 
4121 1.0 11 
4122 1.0 98 
4123 1.0 11 
4124 1.0 10 
4125 1.0 302 
4126 1.0 94 
4127 1.0 10 
4128 1.0 10 
4129 1.0 12 
4130 1.0 125 
4131 1.0 222 
4132 1.0 167 
4133 1.0 193 
4134 1.0 142 
4135 1.0 180 
4136 1.0 361 
4137 1.0 151 
4138 1.0 161 
4139 1.0 375 
4140 1.0 120 
4141 1.0 98 
4142 1.0 500 
4143 1.0 153 
4144 1.0 108 
4145 1.0 15 
4146 1.0 102 
4147 1.0 112 
4148 1.0 112 
4149 1.0 104 
4150 1.0 116 
4151 1.0 111 
4152 1.0 189 
4153 1.0 173 
4154 1.0 91 
4155 1.0 127 
4156 1.0 129 
4157 1.0 101 
4158 1.0 121 
4159 1.0 129 
4160 1.0 133 
4161 1.0 121 
4162 1.0 112 
4163 1.0 193 
4164 1.0 312 
4165 1.0 171 
4166 1.0 351 
4167 1.0 144 
4168 1.0 129 
4169 1.0 225 
4170 1.0 163 
4171 1.0 175 
4172 1.0 140 
4173 1.0 97 
4174 1.0 114 
4175 1.0 126 
4176 1.0 143 
4177 1.0 110 
4178 1.0 135 
4179 1.0 321 
4180 1.0 350 
4181 1.0 77 
4182 1.0 118 
4183 1.0 192 
4184 1.0 139 
4185 1.0 117 
4186 1.0 105 
4187 1.0 79 
4188 1.0 58 
4189 1.0 88 
4190 1.0 81 
4191 1.0 98 
4192 1.0 79 
4193 1.0 104 
4194 1.0 106 
4195 1.0 91 
4196 1.0 102 
4197 1.0 273 
4198 1.0 135 
4199 1.0 148 
4200 1.0 220 
4201 1.0 140 
4202 1.0 141 
4203 1.0 91 
4204 1.0 135 
4205 1.0 156 
4206 1.0 143 
4207 1.0 134 
4208 1.0 137 
4209 1.0 165 
4210 1.0 279 
4211 1.0 340 
4212 1.0 163 
4213 1.0 87 
4214 1.0 141 
4215 1.0 145 
4216 1.0 68 
4217 1.0 88 
4218 1.0 12 
4219 1.0 13 
4220 1.0 83 
4221 1.0 63 
4222 1.0 13 
4223 1.0 12 
4224 1.0 14 
4225 1.0 10 
4226 1.0 17 
4227 1.0 10 
4228 1.0 9 
4229 1.0 9 
4230 1.0 9 
4231 1.0 9 
4232 1.0 9 
4233 1.0 11 
4234 1.0 12 
4235 1.0 9 
4236 1.0 12 
4237 1.0 11 
4238 1.0 12 
4239 1.0 13 
4240 1.0 18 
4241 1.0 15 
4242 1.0 231 
4243 1.0 222 
4244 1.0 132 
4245 1.0 163 
4246 1.0 123 
4247 1.0 103 
4248 1.0 121 
4249 1.0 22 
4250 1.0 69 
4251 1.0 73 
4252 1.0 71 
4253 1.0 120 
4254 1.0 77 
4255 1.0 213 
4256 1.0 83 
4257 1.0 180 
4258 1.0 273 
4259 1.0 205 
4260 1.0 161 
4261 1.0 140 
4262 1.0 235 
4263 1.0 120 
4264 1.0 180 
4265 1.0 78 
4266 1.0 104 
4267 1.0 94 
4268 1.0 69 
4269 1.0 108 
4270 1.0 97 
4271 1.0 83 
4272 1.0 158 
4273 1.0 204 
4274 1.0 105 
4275 1.0 90 
4276 1.0 96 
4277 1.0 66 
4278 1.0 78 
4279 1.0 78 
4280 1.0 70 
4281 1.0 103 
4282 1.0 142 
4283 1.0 198 
4284 1.0 108 
4285 1.0 114 
4286 1.0 240 
4287 1.0 93 
4288 1.0 84 
4289 1.0 89 
4290 1.0 168 
4291 1.0 78 
4292 1.0 95 
4293 1.0 78 
4294 1.0 72 
4295 1.0 82 
4296 1.0 64 
4297 1.0 93 
4298 1.0 81 
4299 1.0 81 
4300 1.0 102 
4301 1.0 115 
4302 1.0 104 
4303 1.0 114 
4304 1.0 448 
4305 1.0 134 
4306 1.0 142 
4307 1.0 222 
4308 1.0 166 
4309 1.0 214 
4310 1.0 36 
4311 1.0 76 
4312 1.0 79 
4313 1.0 68 
4314 1.0 44 
4315 1.0 79 
4316 1.0 83 
4317 1.0 72 
4318 1.0 109 
4319 1.0 87 
4320 1.0 87 
4321 1.0 123 
4322 1.0 83 
4323 1.0 118 
4324 1.0 146 
4325 1.0 361 
4326 1.0 127 
4327 1.0 185 
4328 1.0 133 
4329 1.0 69 
4330 1.0 190 
4331 1.0 132 
4332 1.0 170 
4333 1.0 151 
4334 1.0 196 
4335 1.0 78 
4336 1.0 82 
4337 1.0 124 
4338 1.0 173 
4339 1.0 246 
4340 1.0 225 
4341 1.0 272 
4342 1.0 190 
4343 1.0 101 
4344 1.0 343 
4345 1.0 203 
4346 1.0 175 
4347 1.0 110 
4348 1.0 101 
4349 1.0 128 
4350 1.0 165 
4351 1.0 228 
4352 1.0 155 
4353 1.0 305 
4354 1.0 142 
4355 1.0 112 
4356 1.0 305 
4357 1.0 115 
4358 1.0 120 
4359 1.0 148 
4360 1.0 190 
4361 1.0 175 
4362 1.0 92 
4363 1.0 75 
4364 1.0 88 
4365 1.0 72 
4366 1.0 86 
4367 1.0 81 
4368 1.0 78 
4369 1.0 90 
4370 1.0 94 
4371 1.0 122 
4372 1.0 65 
4373 1.0 16 
4374 1.0 16 
4375 1.0 15 
4376 1.0 15 
4377 1.0 12 
4378 1.0 11 
4379 1.0 88 
4380 1.0 27 
4381 1.0 35 
4382 1.0 25 
4383 1.0 18 
4384 1.0 17 
4385 1.0 16 
4386 1.0 27 
4387 1.0 30 
4388 1.0 26 
4389 1.0 83 
4390 1.0 65 
4391 1.0 67 
4392 1.0 90 
4393 1.0 20 
4394 1.0 106 
4395 1.0 354 
4396 1.0 173 
4397 1.0 74 
4398 1.0 41 
4399 1.0 40 
4400 1.0 66 
4401 1.0 68 
4402 1.0 45 
4403 1.0 42 
4404 1.0 89 
4405 1.0 48 
4406 1.0 74 
4407 1.0 74 
4408 1.0 82 
4409 1.0 80 
4410 1.0 176 
4411 1.0 219 
4412 1.0 385 
4413 1.0 169 
4414 1.0 267 
4415 1.0 190 
4416 1.0 194 
4417 1.0 224 
4418 1.0 387 
4419 1.0 100 
4420 1.0 333 
4421 1.0 123 
4422 1.0 128 
4423 1.0 355 
4424 1.0 235 
4425 1.0 49 
4426 1.0 285 
4427 1.0 227 
4428 1.0 174 
4429 1.0 333 
4430 1.0 158 
4431 1.0 237 
4432 1.0 291 
4433 1.0 198 
4434 1.0 247 
4435 1.0 370 
4436 1.0 137 
4437 1.0 358 
4438 1.0 171 
4439 1.0 175 
4440 1.0 262 
4441 1.0 399 
4442 1.0 352 
4443 1.0 211 
4444 1.0 159 
4445 1.0 214 
4446 1.0 289 
4447 1.0 129 
4448 1.0 169 
4449 1.0 405 
4450 1.0 177 
4451 1.0 191 
4452 1.0 366 
4453 1.0 208 
4454 1.0 123 
4455 1.0 201 
4456 1.0 371 
4457 1.0 209 
4458 1.0 258 
4459 1.0 115 
4460 1.0 221 
4461 1.0 159 
4462 1.0 84 
4463 1.0 204 
4464 1.0 199 
4465 1.0 332 
4466 1.0 185 
4467 1.0 251 
4468 1.0 235 
4469 1.0 235 
4470 1.0 118 
4471 1.0 250 
4472 1.0 244 
4473 1.0 226 
4474 1.0 204 
4475 1.0 206 
4476 1.0 147 
4477 1.0 222 
4478 1.0 219 
4479 1.0 211 
4480 1.0 212 
4481 1.0 156 
4482 1.0 240 
4483 1.0 500 
4484 1.0 191 
4485 1.0 419 
4486 1.0 358 
4487 1.0 173 
4488 1.0 393 
4489 1.0 282 
4490 1.0 271 
4491 1.0 131 
4492 1.0 149 
4493 1.0 198 
4494 1.0 195 
4495 1.0 204 
4496 1.0 261 
4497 1.0 198 
4498 1.0 167 
4499 1.0 203 
4500 1.0 284 
4501 1.0 500 
4502 1.0 217 
4503 1.0 314 
4504 1.0 223 
4505 1.0 181 
4506 1.0 214 
4507 1.0 200 
4508 1.0 384 
4509 1.0 270 
4510 1.0 296 
4511 1.0 110 
4512 1.0 278 
4513 1.0 166 
4514 1.0 176 
4515 1.0 179 
4516 1.0 241 
4517 1.0 163 
4518 1.0 246 
4519 1.0 132 
4520 1.0 210 
4521 1.0 161 
4522 1.0 209 
4523 1.0 281 
4524 1.0 178 
4525 1.0 134 
4526 1.0 151 
4527 1.0 125 
4528 1.0 134 
4529 1.0 147 
4530 1.0 163 
4531 1.0 163 
4532 1.0 151 
4533 1.0 205 
4534 1.0 177 
4535 1.0 169 
4536 1.0 181 
4537 1.0 210 
4538 1.0 182 
4539 1.0 214 
4540 1.0 189 
4541 1.0 180 
4542 1.0 196 
4543 1.0 284 
4544 1.0 231 
4545 1.0 198 
4546 1.0 191 
4547 1.0 190 
4548 1.0 180 
4549 1.0 237 
4550 1.0 216 
4551 1.0 333 
4552 1.0 199 
4553 1.0 237 
4554 1.0 279 
4555 1.0 130 
4556 1.0 195 
4557 1.0 236 
4558 1.0 386 
4559 1.0 240 
4560 1.0 255 
4561 1.0 333 
4562 1.0 382 
4563 1.0 120 
4564 1.0 150 
4565 1.0 235 
4566 1.0 169 
4567 1.0 147 
4568 1.0 164 
4569 1.0 329 
4570 1.0 224 
4571 1.0 195 
4572 1.0 205 
4573 1.0 182 
4574 1.0 324 
4575 1.0 251 
4576 1.0 295 
4577 1.0 307 
4578 1.0 102 
4579 1.0 408 
4580 1.0 222 
4581 1.0 460 
4582 1.0 243 
4583 1.0 180 
4584 1.0 244 
4585 1.0 202 
4586 1.0 173 
4587 1.0 276 
4588 1.0 233 
4589 1.0 300 
4590 1.0 237 
4591 1.0 311 
4592 1.0 202 
4593 1.0 214 
4594 1.0 217 
4595 1.0 228 
4596 1.0 204 
4597 1.0 283 
4598 1.0 277 
4599 1.0 234 
4600 1.0 186 
4601 1.0 145 
4602 1.0 190 
4603 1.0 210 
4604 1.0 227 
4605 1.0 154 
4606 1.0 157 
4607 1.0 136 
4608 1.0 273 
4609 1.0 256 
4610 1.0 136 
4611 1.0 245 
4612 1.0 261 
4613 1.0 273 
4614 1.0 328 
4615 1.0 162 
4616 1.0 175 
4617 1.0 228 
4618 1.0 158 
4619 1.0 128 
4620 1.0 144 
4621 1.0 140 
4622 1.0 157 
4623 1.0 209 
4624 1.0 179 
4625 1.0 140 
4626 1.0 152 
4627 1.0 179 
4628 1.0 283 
4629 1.0 183 
4630 1.0 96 
4631 1.0 415 
4632 1.0 161 
4633 1.0 184 
4634 1.0 222 
4635 1.0 170 
4636 1.0 154 
4637 1.0 211 
4638 1.0 157 
4639 1.0 207 
4640 1.0 183 
4641 1.0 298 
4642 1.0 484 
4643 1.0 279 
4644 1.0 311 
4645 1.0 136 
4646 1.0 159 
4647 1.0 320 
4648 1.0 307 
4649 1.0 199 
4650 1.0 309 
4651 1.0 353 
4652 1.0 267 
4653 1.0 216 
4654 1.0 169 
4655 1.0 293 
4656 1.0 318 
4657 1.0 261 
4658 1.0 256 
4659 1.0 467 
4660 1.0 213 
4661 1.0 169 
4662 1.0 200 
4663 1.0 215 
4664 1.0 471 
4665 1.0 208 
4666 1.0 182 
4667 1.0 243 
4668 1.0 229 
4669 1.0 426 
4670 1.0 19 
4671 1.0 173 
4672 1.0 159 
4673 1.0 161 
4674 1.0 186 
4675 1.0 195 
4676 1.0 242 
4677 1.0 226 
4678 1.0 255 
4679 1.0 227 
4680 1.0 443 
4681 1.0 241 
4682 1.0 351 
4683 1.0 336 
4684 1.0 315 
4685 1.0 226 
4686 1.0 221 
4687 1.0 234 
4688 1.0 210 
4689 1.0 188 
4690 1.0 273 
4691 1.0 226 
4692 1.0 226 
4693 1.0 500 
4694 1.0 138 
4695 1.0 208 
4696 1.0 184 
4697 1.0 223 
4698 1.0 179 
4699 1.0 199 
4700 1.0 242 
4701 1.0 153 
4702 1.0 158 
4703 1.0 167 
4704 1.0 500 
4705 1.0 184 
4706 1.0 151 
4707 1.0 180 
4708 1.0 239 
4709 1.0 168 
4710 1.0 192 
4711 1.0 14 
4712 1.0 245 
4713 1.0 151 
4714 1.0 161 
4715 1.0 144 
4716 1.0 242 
4717 1.0 124 
4718 1.0 131 
4719 1.0 139 
4720 1.0 116 
4721 1.0 134 
4722 1.0 157 
4723 1.0 135 
4724 1.0 105 
4725 1.0 118 
4726 1.0 149 
4727 1.0 132 
4728 1.0 171 
4729 1.0 191 
4730 1.0 160 
4731 1.0 194 
4732 1.0 163 
4733 1.0 168 
4734 1.0 158 
4735 1.0 152 
4736 1.0 152 
4737 1.0 161 
4738 1.0 151 
4739 1.0 174 
4740 1.0 335 
4741 1.0 219 
4742 1.0 237 
4743 1.0 231 
4744 1.0 450 
4745 1.0 306 
4746 1.0 269 
4747 1.0 134 
4748 1.0 131 
4749 1.0 195 
4750 1.0 152 
4751 1.0 182 
4752 1.0 218 
4753 1.0 163 
4754 1.0 203 
4755 1.0 295 
4756 1.0 246 
4757 1.0 114 
4758 1.0 198 
4759 1.0 136 
4760 1.0 145 
4761 1.0 167 
4762 1.0 185 
4763 1.0 150 
4764 1.0 173 
4765 1.0 157 
4766 1.0 167 
4767 1.0 260 
4768 1.0 215 
4769 1.0 237 
4770 1.0 239 
4771 1.0 204 
4772 1.0 312 
4773 1.0 310 
4774 1.0 226 
4775 1.0 317 
4776 1.0 314 
4777 1.0 251 
4778 1.0 205 
4779 1.0 302 
4780 1.0 182 
4781 1.0 196 
4782 1.0 313 
4783 1.0 247 
4784 1.0 173 
4785 1.0 207 
4786 1.0 276 
4787 1.0 250 
4788 1.0 128 
4789 1.0 188 
4790 1.0 138 
4791 1.0 187 
4792 1.0 500 
4793 1.0 275 
4794 1.0 168 
4795 1.0 291 
4796 1.0 166 
4797 1.0 188 
4798 1.0 161 
4799 1.0 146 
4800 1.0 218 
4801 1.0 296 
4802 1.0 179 
4803 1.0 165 
4804 1.0 163 
4805 1.0 242 
4806 1.0 258 
4807 1.0 262 
4808 1.0 415 
4809 1.0 269 
4810 1.0 160 
4811 1.0 248 
4812 1.0 240 
4813 1.0 365 
4814 1.0 269 
4815 1.0 240 
4816 1.0 237 
4817 1.0 210 
4818 1.0 230 
4819 1.0 119 
4820 1.0 133 
4821 1.0 166 
4822 1.0 184 
4823 1.0 219 
4824 1.0 288 
4825 1.0 163 
4826 1.0 188 
4827 1.0 163 
4828 1.0 169 
4829 1.0 196 
4830 1.0 234 
4831 1.0 272 
4832 1.0 274 
4833 1.0 208 
4834 1.0 282 
4835 1.0 278 
4836 1.0 249 
4837 1.0 260 
4838 1.0 175 
4839 1.0 186 
4840 1.0 211 
4841 1.0 347 
4842 1.0 318 
4843 1.0 265 
4844 1.0 383 
4845 1.0 323 
4846 1.0 240 
4847 1.0 205 
4848 1.0 147 
4849 1.0 240 
4850 1.0 500 
4851 1.0 213 
4852 1.0 193 
4853 1.0 313 
4854 1.0 231 
4855 1.0 18 
4856 1.0 120 
4857 1.0 121 
4858 1.0 128 
4859 1.0 104 
4860 1.0 104 
4861 1.0 125 
4862 1.0 116 
4863 1.0 154 
4864 1.0 208 
4865 1.0 166 
4866 1.0 291 
4867 1.0 229 
4868 1.0 241 
4869 1.0 237 
4870 1.0 188 
4871 1.0 350 
4872 1.0 258 
4873 1.0 120 
4874 1.0 175 
4875 1.0 170 
4876 1.0 203 
4877 1.0 157 
4878 1.0 348 
4879 1.0 309 
4880 1.0 290 
4881 1.0 221 
4882 1.0 284 
4883 1.0 203 
4884 1.0 217 
4885 1.0 238 
4886 1.0 178 
4887 1.0 320 
4888 1.0 148 
4889 1.0 155 
4890 1.0 187 
4891 1.0 180 
4892 1.0 171 
4893 1.0 114 
4894 1.0 11 
4895 1.0 70 
4896 1.0 102 
4897 1.0 243 
4898 1.0 109 
4899 1.0 178 
4900 1.0 132 
4901 1.0 90 
4902 1.0 216 
4903 1.0 101 
4904 1.0 142 
4905 1.0 245 
4906 1.0 144 
4907 1.0 114 
4908 1.0 83 
4909 1.0 163 
4910 1.0 173 
4911 1.0 178 
4912 1.0 144 
4913 1.0 148 
4914 1.0 120 
4915 1.0 225 
4916 1.0 210 
4917 1.0 319 
4918 1.0 127 
4919 1.0 331 
4920 1.0 230 
4921 1.0 125 
4922 1.0 142 
4923 1.0 262 
4924 1.0 186 
4925 1.0 223 
4926 1.0 164 
4927 1.0 211 
4928 1.0 320 
4929 1.0 12 
4930 1.0 293 
4931 1.0 318 
4932 1.0 296 
4933 1.0 178 
4934 1.0 206 
4935 1.0 135 
4936 1.0 136 
4937 1.0 248 
4938 1.0 252 
4939 1.0 76 
4940 1.0 176 
4941 1.0 180 
4942 1.0 135 
4943 1.0 197 
4944 1.0 166 
4945 1.0 180 
4946 1.0 165 
4947 1.0 372 
4948 1.0 266 
4949 1.0 166 
4950 1.0 421 
4951 1.0 319 
4952 1.0 336 
4953 1.0 213 
4954 1.0 25 
4955 1.0 28 
4956 1.0 109 
4957 1.0 205 
4958 1.0 36 
4959 1.0 92 
4960 1.0 146 
4961 1.0 105 
4962 1.0 112 
4963 1.0 118 
4964 1.0 104 
4965 1.0 131 
4966 1.0 138 
4967 1.0 148 
4968 1.0 228 
4969 1.0 187 
4970 1.0 192 
4971 1.0 182 
4972 1.0 134 
4973 1.0 177 
4974 1.0 119 
4975 1.0 98 
4976 1.0 19 
4977 1.0 19 
4978 1.0 99 
4979 1.0 16 
4980 1.0 21 
4981 1.0 288 
4982 1.0 175 
4983 1.0 179 
4984 1.0 136 
4985 1.0 118 
4986 1.0 117 
4987 1.0 44 
4988 1.0 30 
4989 1.0 20 
4990 1.0 333 
4991 1.0 37 
4992 1.0 51 
4993 1.0 17 
4994 1.0 30 
4995 1.0 21 
4996 1.0 107 
4997 1.0 23 
4998 1.0 51 
4999 1.0 44 
5000 1.0 105 
